price,theta,probability,utterance_cost,alpha
50,20,0.00008610088710930296,5,5
50,20,0.00008691023452919169,5,5
50,20,0.00008698542625897715,5,5
50,30,0.00009879344180572746,5,5
50,30,0.00009879344180572746,5,5
50,30,0.00009879344180572746,5,5
50,30,0.00009879344180572746,5,5
50,30,0.00009879344180572746,5,5
50,30,0.00009879344180572746,5,5
50,30,0.00009713501556938634,5,5
50,30,0.00009804729508860014,5,5
50,30,0.00009813204889203097,5,5
50,40,0.00021956812469827423,5,5
50,40,0.00021956812469827423,5,5
50,40,0.00021956812469827423,5,5
50,40,0.00021956812469827423,5,5
50,40,0.00021956812469827423,5,5
50,40,0.00021956812469827423,5,5
50,40,0.0002159162561726762,5,5
50,40,0.00021792524559144337,5,5
50,40,0.00021811186973519697,5,5
50,40,0.00021812300223945848,5,5
50,10,0.00008632495300423465,5,5
50,0,0.00008630847259976936,5,5
50,20,0.00008698991163815913,5,5
50,30,0.00009813710466938286,5,5
50,0,0.00008688623380625162,5,5
50,0,0.00008688623380625162,5,5
50,0,0.00008688623380625162,5,5
50,0,0.00008688623380625162,5,5
50,0,0.00008688623380625162,5,5
50,0,0.00008688623380625162,5,5
50,0,0.00008542636614454385,5,5
50,0,0.00008622941547094028,5,5
50,0,0.00008630402212182632,5,5
50,10,0.0000869028237894373,5,5
50,10,0.0000869028237894373,5,5
50,10,0.0000869028237894373,5,5
50,10,0.0000869028237894373,5,5
50,10,0.0000869028237894373,5,5
50,10,0.0000869028237894373,5,5
50,10,0.00008544267922881811,5,5
50,10,0.00008632050168217168,5,5
50,10,0.00008624588088058898,5,5
50,20,0.00008757220351715183,5,5
50,20,0.00008757220351715183,5,5
50,20,0.00008757220351715183,5,5
50,20,0.00008757220351715183,5,5
50,20,0.00008757220351715183,5,5
50,20,0.00008757220351715183,5,5
51,0,0.00008645287253732762,5,5
51,0,0.00008645287253732762,5,5
51,0,0.00008645287253732762,5,5
51,0,0.00008645287253732762,5,5
51,0,0.00008645287253732762,5,5
51,0,0.00008645287253732762,5,5
51,0,0.00008500028623740309,5,5
51,0,0.00008579933020576004,5,5
51,0,0.00008587356474208369,5,5
51,10,0.00008646937977488305,5,5
51,10,0.00008646937977488305,5,5
51,10,0.00008646937977488305,5,5
51,10,0.00008646937977488305,5,5
51,10,0.00008646937977488305,5,5
51,10,0.00008501651795713228,5,5
51,10,0.00008646937977488305,5,5
51,10,0.0000858157134911125,5,5
51,10,0.0000858899621075531,5,5
51,50,0.0027002449088684216,5,5
51,50,0.0027002449088684216,5,5
51,50,0.0027002449088684216,5,5
51,50,0.0027002449088684216,5,5
51,50,0.0027002449088684216,5,5
51,50,0.0027002449088684216,5,5
51,50,0.002663993561339892,5,5
51,50,0.0026839655912065372,5,5
51,50,0.002685817253209433,5,5
51,20,0.00008713542084657035,5,5
51,20,0.00008713542084657035,5,5
51,20,0.00008713542084657035,5,5
51,20,0.00008713542084657035,5,5
51,20,0.00008713542084657035,5,5
51,20,0.00008567144290325777,5,5
51,20,0.00008713542084657035,5,5
51,20,0.00008647675355219336,5,5
51,20,0.00008655157024922587,5,5
51,40,0.00021847298779377198,5,5
51,40,0.00021847298779377198,5,5
51,40,0.00021847298779377198,5,5
51,40,0.00021847298779377198,5,5
51,40,0.00021847298779377198,5,5
51,40,0.00021847298779377198,5,5
51,40,0.0002148393336424068,5,5
51,40,0.00021683830285238254,5,5
51,30,0.00009830069111983914,5,5
51,40,0.0002170350731522951,5,5
51,30,0.00009830069111983914,5,5
51,30,0.00009830069111983914,5,5
51,30,0.00009830069111983914,5,5
51,30,0.00009830069111983914,5,5
51,30,0.00009830069111983914,5,5
51,30,0.0000966505365931429,5,5
51,30,0.00009755826594839222,5,5
51,30,0.00009764259702644767,5,5
49,0,0.00008645287253732762,5,5
49,0,0.00008645287253732762,5,5
49,0,0.00008645287253732762,5,5
49,0,0.00008645287253732762,5,5
49,0,0.00008645287253732762,5,5
49,0,0.00006847632732872046,5,5
49,0,0.00008500028623740309,5,5
49,0,0.00008579933020576004,5,5
49,0,0.00008587356474208369,5,5
49,20,0.00008713542084657035,5,5
49,20,0.00008713542084657035,5,5
49,20,0.00008713542084657035,5,5
49,20,0.00008713542084657035,5,5
49,20,0.00008713542084657035,5,5
49,20,0.00006901771364462574,5,5
49,20,0.00008567144290325777,5,5
49,20,0.00008647675355219336,5,5
49,20,0.00008655157024922587,5,5
49,10,0.00008646937977488305,5,5
49,10,0.00008646937977488305,5,5
49,10,0.00008646937977488305,5,5
49,10,0.00008646937977488305,5,5
49,10,0.00008646937977488305,5,5
49,10,0.00006848942046211848,5,5
49,10,0.00008501651795713228,5,5
49,10,0.0000858157134911125,5,5
49,10,0.0000858899621075531,5,5
49,40,0.00021847298779377198,5,5
49,10,0.0000858943912278186,5,5
49,40,0.00021847298779377198,5,5
49,40,0.00021847298779377198,5,5
49,40,0.00021847298779377198,5,5
49,40,0.00017341591607763422,5,5
49,40,0.00021847298779377198,5,5
49,40,0.0002148393336424068,5,5
49,40,0.00021683830285238254,5,5
49,30,0.00009830069111983914,5,5
49,40,0.0002170350731522951,5,5
49,30,0.00009830069111983914,5,5
49,30,0.00009830069111983914,5,5
49,30,0.00009830069111983914,5,5
49,30,0.00009830069111983914,5,5
49,30,0.00007787552678509636,5,5
49,30,0.0000966505365931429,5,5
49,30,0.00009764259702644767,5,5
49,30,0.00009755826594839222,5,5
51,30,0.00009764762758716883,5,5
51,0,0.00008587799302243932,5,5
51,40,0.0002170239961734714,5,5
51,10,0.0000858943912278186,5,5
51,20,0.00008655603325674401,5,5
51,50,0.0026859276890920745,5,5
49,30,0.00009764762758716883,5,5
49,40,0.0002170239961734714,5,5
49,0,0.00008587799302243932,5,5
49,20,0.00008655603325674401,5,5
48,20,0.00008526739396712444,5,5
52,30,0.00009618890186350572,5,5
52,0,0.00008459944834151416,5,5
48,10,0.00008461560241172547,5,5
52,40,0.00021380387236863608,5,5
52,50,0.0026459398128111165,5,5
52,20,0.00008526739396712444,5,5
48,0,0.00008459944834151416,5,5
48,30,0.00009619385752964182,5,5
48,40,0.00021380387236863608,5,5
52,0,0.00008516576909623496,5,5
52,0,0.00008516576909623496,5,5
52,0,0.00008516576909623496,5,5
52,0,0.00008516576909623496,5,5
52,0,0.00008516576909623496,5,5
52,0,0.00008516576909623496,5,5
52,0,0.0000837348087847855,5,5
52,0,0.00008452195665054838,5,5
52,0,0.00008459508598904173,5,5
52,10,0.00008518203057535995,5,5
52,10,0.00008518203057535995,5,5
52,10,0.00008518203057535995,5,5
52,10,0.00008518203057535995,5,5
52,10,0.00008518203057535995,5,5
52,10,0.00008375079884797158,5,5
52,10,0.00008518203057535995,5,5
52,10,0.00008453809602286087,5,5
52,10,0.00008461123923184754,5,5
52,30,0.00009683719830475073,5,5
52,10,0.00008461560241172547,5,5
52,30,0.00009683719830475073,5,5
52,30,0.00009683719830475073,5,5
52,30,0.00009683719830475073,5,5
52,30,0.00009683719830475073,5,5
52,30,0.00009683719830475073,5,5
52,30,0.00009521161114646372,5,5
52,30,0.00009610582629978524,5,5
52,20,0.00008583815568092484,5,5
52,30,0.00009619385752964182,5,5
52,20,0.00008583815568092484,5,5
52,20,0.00008583815568092484,5,5
52,20,0.00008583815568092484,5,5
52,20,0.00008583815568092484,5,5
52,20,0.00008583815568092484,5,5
52,20,0.00008439597332396145,5,5
52,20,0.00008526299740450472,5,5
52,20,0.00008518929457246435,5,5
52,50,0.002660043878966299,5,5
52,50,0.002660043878966299,5,5
52,50,0.002660043878966299,5,5
52,50,0.002660043878966299,5,5
52,50,0.002660043878966299,5,5
52,50,0.002660043878966299,5,5
52,50,0.002624332238595887,5,5
52,50,0.002644006926481727,5,5
52,50,0.0026458310210890493,5,5
52,40,0.00021522037945211452,5,5
52,40,0.00021522037945211452,5,5
52,40,0.00021522037945211452,5,5
52,40,0.00021522037945211452,5,5
52,40,0.00021522037945211452,5,5
52,40,0.00021164082285268332,5,5
52,40,0.00021522037945211452,5,5
52,40,0.00021361003156918727,5,5
52,40,0.00021379296030298581,5,5
48,0,0.00008516576909623496,5,5
48,0,0.00008516576909623496,5,5
48,0,0.00008516576909623496,5,5
48,0,0.00008516576909623496,5,5
48,0,0.00008516576909623496,5,5
48,0,0.00006745685725269586,5,5
48,0,0.0000837348087847855,5,5
48,0,0.00008452195665054838,5,5
48,0,0.00008459508598904173,5,5
48,10,0.00008518203057535995,5,5
48,10,0.00008518203057535995,5,5
48,10,0.00008518203057535995,5,5
48,10,0.00008518203057535995,5,5
48,10,0.00008518203057535995,5,5
48,10,0.00006746975545657279,5,5
48,10,0.00008375079884797158,5,5
48,10,0.00008453809602286087,5,5
48,10,0.00008461123923184754,5,5
48,20,0.00008583815568092484,5,5
48,20,0.00008583815568092484,5,5
48,20,0.00008583815568092484,5,5
48,20,0.00008583815568092484,5,5
48,20,0.00008583815568092484,5,5
48,20,0.00006799018345249718,5,5
48,20,0.00008439597332396145,5,5
48,20,0.00008518929457246435,5,5
48,20,0.00008526299740450472,5,5
48,40,0.00021522037945211452,5,5
48,40,0.00021522037945211452,5,5
48,40,0.00021522037945211452,5,5
48,40,0.00021522037945211452,5,5
48,40,0.00021522037945211452,5,5
48,40,0.0001708341138104225,5,5
48,40,0.00021164082285268332,5,5
48,40,0.00021361003156918727,5,5
48,40,0.00021379296030298581,5,5
48,30,0.00009683719830475073,5,5
48,30,0.00009683719830475073,5,5
48,30,0.00009683719830475073,5,5
48,30,0.00009683719830475073,5,5
48,30,0.00009683719830475073,5,5
48,30,0.00009521161114646372,5,5
48,30,0.00007671612218048115,5,5
48,30,0.00009610582629978524,5,5
48,30,0.00009618890186350572,5,5
53,20,0.00008371880046623139,5,5
53,20,0.00008371880046623139,5,5
53,20,0.00008371880046623139,5,5
53,20,0.00008371880046623139,5,5
53,20,0.00008371880046623139,5,5
53,20,0.00008371880046623139,5,5
53,20,0.00008231222577901023,5,5
53,20,0.00008308595982283003,5,5
53,20,0.00008315784292237314,5,5
53,10,0.00008307887517475808,5,5
53,10,0.00008307887517475808,5,5
53,10,0.00008307887517475808,5,5
53,10,0.00008307887517475808,5,5
53,10,0.00008307887517475808,5,5
53,10,0.00008307887517475808,5,5
53,10,0.00008168298074464504,5,5
53,10,0.00008245083945001117,5,5
53,10,0.00008252217674366633,5,5
53,40,0.00020990656032492298,5,5
53,40,0.00020990656032492298,5,5
53,40,0.00020990656032492298,5,5
53,40,0.00020990656032492298,5,5
53,40,0.00020990656032492298,5,5
53,40,0.00020990656032492298,5,5
53,40,0.00020641538344294002,5,5
53,40,0.00020833597214042055,5,5
53,40,0.0002085143843400176,5,5
53,30,0.00009444627529882844,5,5
53,30,0.00009444627529882844,5,5
53,30,0.00009444627529882844,5,5
53,30,0.00009444627529882844,5,5
53,30,0.00009444627529882844,5,5
53,30,0.00009444627529882844,5,5
53,30,0.00009286082409865348,5,5
53,30,0.00009373296096367549,5,5
53,30,0.00009381398538093565,5,5
53,50,0.0025943670500377224,5,5
53,50,0.0025943670500377224,5,5
53,50,0.0025943670500377224,5,5
53,50,0.0025943670500377224,5,5
53,50,0.0025943670500377224,5,5
53,50,0.0025943670500377224,5,5
53,50,0.0025595371347072334,5,5
53,50,0.002578726051993298,5,5
53,50,0.002580505109467804,5,5
53,20,0.00008316213093329036,5,5
47,0,0.0000825106769719467,5,5
47,20,0.00008316213093329036,5,5
47,10,0.00008252643219606628,5,5
47,40,0.00020852502698535017,5,5
53,0,0.0000825106769719467,5,5
47,30,0.00009381881869103076,5,5
53,10,0.00008252643219606628,5,5
53,30,0.00009381881869103076,5,5
53,40,0.00020852502698535017,5,5
53,50,0.0025806112151081206,5,5
47,0,0.000083063015193665,5,5
47,0,0.000083063015193665,5,5
47,0,0.000083063015193665,5,5
47,0,0.000083063015193665,5,5
47,0,0.000083063015193665,5,5
47,0,0.00006579133868404489,5,5
47,0,0.00008166738547819623,5,5
47,0,0.00008243509856089768,5,5
47,0,0.00008250642232652337,5,5
47,10,0.00008307887517475808,5,5
47,10,0.00008307887517475808,5,5
47,10,0.00008307887517475808,5,5
47,10,0.00008307887517475808,5,5
47,10,0.00008307887517475808,5,5
47,10,0.00006580391842959242,5,5
47,10,0.00008168298074464504,5,5
47,10,0.00008245083945001117,5,5
47,10,0.00008252217674366633,5,5
47,20,0.00008371880046623139,5,5
47,20,0.00008371880046623139,5,5
47,20,0.00008371880046623139,5,5
47,20,0.00008371880046623139,5,5
47,20,0.00008371880046623139,5,5
47,20,0.0000663114969906906,5,5
47,20,0.00008231222577901023,5,5
47,20,0.00008308595982283003,5,5
47,20,0.00008315784292237314,5,5
47,40,0.00020990656032492298,5,5
47,40,0.00020990656032492298,5,5
47,40,0.00020990656032492298,5,5
47,40,0.00020990656032492298,5,5
47,40,0.00020990656032492298,5,5
47,40,0.00016661619734798812,5,5
47,40,0.00020641538344294002,5,5
47,40,0.00020833597214042055,5,5
47,40,0.0002085143843400176,5,5
47,30,0.00009444627529882844,5,5
47,30,0.00009444627529882844,5,5
47,30,0.00009444627529882844,5,5
47,30,0.00009444627529882844,5,5
47,30,0.00009444627529882844,5,5
47,30,0.00007482199115792491,5,5
47,30,0.00009286082409865348,5,5
47,30,0.00009373296096367549,5,5
47,30,0.00009381398538093565,5,5
53,0,0.000083063015193665,5,5
53,0,0.000083063015193665,5,5
53,0,0.000083063015193665,5,5
53,0,0.000083063015193665,5,5
53,0,0.000083063015193665,5,5
53,0,0.000083063015193665,5,5
53,0,0.00008166738547819623,5,5
53,0,0.00008243509856089768,5,5
53,0,0.00008250642232652337,5,5
46,10,0.00008022140781637231,5,5
46,10,0.00008022140781637231,5,5
46,10,0.00008022140781637231,5,5
46,10,0.00008022140781637231,5,5
46,10,0.00008022140781637231,5,5
46,10,0.00006354061685538488,5,5
46,10,0.00007887352466182641,5,5
46,10,0.0000796149731494107,5,5
46,10,0.00007968385682308559,5,5
46,0,0.00008020609333349623,5,5
46,0,0.00008020609333349623,5,5
46,0,0.00008020609333349623,5,5
46,0,0.00008020609333349623,5,5
46,0,0.00008020609333349623,5,5
46,0,0.00006352846978555888,5,5
46,0,0.00007885846578883176,5,5
46,0,0.00007959977366238937,5,5
46,0,0.00007966864427332668,5,5
46,30,0.00009119783039367295,5,5
46,30,0.00009119783039367295,5,5
46,30,0.00009119783039367295,5,5
46,30,0.00009119783039367295,5,5
46,30,0.00009119783039367295,5,5
46,30,0.00007224851628873051,5,5
46,30,0.00008966691020445951,5,5
46,30,0.00009050905024274738,5,5
46,30,0.00009058728785497374,5,5
46,20,0.000080839323112786,5,5
46,20,0.000080839323112786,5,5
46,20,0.000080839323112786,5,5
46,20,0.000080839323112786,5,5
46,20,0.000080839323112786,5,5
46,20,0.0000640307374385424,5,5
46,20,0.00007948112704464713,5,5
46,20,0.00008029765949734976,5,5
46,20,0.00008022824879057986,5,5
46,40,0.00020268690137819617,5,5
46,40,0.00020268690137819617,5,5
46,40,0.00020268690137819617,5,5
46,40,0.00020268690137819617,5,5
46,40,0.00020268690137819617,5,5
46,40,0.00016088549451530378,5,5
46,40,0.00019931580224114695,5,5
46,40,0.00020117033299669676,5,5
46,40,0.0002013426087743026,5,5
54,0,0.00008020609333349623,5,5
54,0,0.00008020609333349623,5,5
54,0,0.00008020609333349623,5,5
54,0,0.00008020609333349623,5,5
54,0,0.00008020609333349623,5,5
54,0,0.00008020609333349623,5,5
54,0,0.00007885846578883176,5,5
54,0,0.00007959977366238937,5,5
54,0,0.00007966864427332668,5,5
54,20,0.000080839323112786,5,5
54,20,0.000080839323112786,5,5
54,20,0.000080839323112786,5,5
54,20,0.000080839323112786,5,5
54,20,0.000080839323112786,5,5
54,20,0.000080839323112786,5,5
54,20,0.00007948112704464713,5,5
54,20,0.00008022824879057986,5,5
54,10,0.00008022140781637231,5,5
54,20,0.00008030180002370859,5,5
54,10,0.00008022140781637231,5,5
54,10,0.00008022140781637231,5,5
54,10,0.00008022140781637231,5,5
54,10,0.00008022140781637231,5,5
54,10,0.00008022140781637231,5,5
54,10,0.00007887352466182641,5,5
54,10,0.0000796149731494107,5,5
54,10,0.00007968385682308559,5,5
54,30,0.00009119783039367295,5,5
54,30,0.00009119783039367295,5,5
54,30,0.00009119783039367295,5,5
54,30,0.00009119783039367295,5,5
54,30,0.00009119783039367295,5,5
54,30,0.00009119783039367295,5,5
54,30,0.00008966691020445951,5,5
54,30,0.00009050905024274738,5,5
54,30,0.00009058728785497374,5,5
54,50,0.0025051347494612014,5,5
54,50,0.0025051347494612014,5,5
54,50,0.0025051347494612014,5,5
54,50,0.0025051347494612014,5,5
54,50,0.0025051347494612014,5,5
54,50,0.0025051347494612014,5,5
54,50,0.0024715027962593865,5,5
54,50,0.002490031717792351,5,5
54,50,0.002491749585239291,5,5
54,40,0.00020268690137819617,5,5
54,40,0.00020268690137819617,5,5
54,40,0.00020268690137819617,5,5
54,40,0.00020268690137819617,5,5
54,40,0.00020268690137819617,5,5
54,40,0.00020268690137819617,5,5
54,40,0.00019931580224114695,5,5
54,40,0.00020117033299669676,5,5
54,40,0.0002013426087743026,5,5
46,0,0.00007967275258178523,5,5
46,10,0.00007968796591076523,5,5
46,40,0.00020135288536976258,5,5
46,30,0.00009059195492514563,5,5
46,20,0.00008030180002370859,5,5
54,0,0.00007967275258178523,5,5
54,40,0.00020135288536976258,5,5
54,20,0.00008029765949734976,5,5
54,10,0.00007968796591076523,5,5
54,30,0.00009059195492514563,5,5
54,50,0.0024918520414151306,5,5
45,0,0.00007667682773360781,5,5
45,0,0.00007667682773360781,5,5
45,0,0.00007667682773360781,5,5
45,0,0.00007667682773360781,5,5
45,0,0.00007667682773360781,5,5
45,0,0.00006073306068745636,5,5
45,0,0.00007538849911920131,5,5
45,0,0.00007609718762098381,5,5
45,0,0.000076163027755458,5,5
45,10,0.00007669146834152816,5,5
45,10,0.00007669146834152816,5,5
45,10,0.00007669146834152816,5,5
45,10,0.00007669146834152816,5,5
45,10,0.00007669146834152816,5,5
45,10,0.000060744673256299804,5,5
45,10,0.0000754028953647044,5,5
45,10,0.00007611171829315005,5,5
45,10,0.00007617757091556946,5,5
45,20,0.00007728219384339305,5,5
45,20,0.00007728219384339305,5,5
45,20,0.00007728219384339305,5,5
45,20,0.00007728219384339305,5,5
45,20,0.00007728219384339305,5,5
45,20,0.00006121322732696368,5,5
45,20,0.000075983761746568,5,5
45,20,0.00007669800829602563,5,5
45,20,0.00007676436476078615,5,5
45,40,0.00019376817863717345,5,5
45,20,0.00007676832309379002,5,5
45,40,0.00019376817863717345,5,5
45,40,0.00019376817863717345,5,5
45,40,0.00019376817863717345,5,5
55,50,0.0023822044158511753,5,5
45,40,0.00019376817863717345,5,5
45,40,0.000153806136604765,5,5
45,40,0.00019054541616288505,5,5
45,40,0.00019231834299873908,5,5
45,30,0.00008718490129794278,5,5
45,40,0.00019249286261788766,5,5
45,30,0.00008718490129794278,5,5
45,30,0.00008718490129794278,5,5
45,30,0.00008718490129794278,5,5
45,30,0.00008718490129794278,5,5
45,30,0.00006906940367292759,5,5
45,30,0.00008572134536667294,5,5
45,30,0.0000865264291696565,5,5
45,30,0.00008660122413429856,5,5
55,0,0.00007667682773360781,5,5
55,0,0.00007667682773360781,5,5
55,0,0.00007667682773360781,5,5
55,0,0.00007667682773360781,5,5
55,0,0.00007667682773360781,5,5
55,0,0.00007667682773360781,5,5
55,0,0.00007538849911920131,5,5
55,0,0.00007609718762098381,5,5
55,0,0.000076163027755458,5,5
55,0,0.00007616695528822853,5,5
55,30,0.00008718490129794278,5,5
55,30,0.00008718490129794278,5,5
55,30,0.00008718490129794278,5,5
55,30,0.00008718490129794278,5,5
55,30,0.00008718490129794278,5,5
55,30,0.00008718490129794278,5,5
55,30,0.00008572134536667294,5,5
55,30,0.0000865264291696565,5,5
55,30,0.00008660122413429856,5,5
55,20,0.00007728219384339305,5,5
55,20,0.00007728219384339305,5,5
55,20,0.00007728219384339305,5,5
55,20,0.00007728219384339305,5,5
55,20,0.00007728219384339305,5,5
55,20,0.00007728219384339305,5,5
55,20,0.000075983761746568,5,5
55,20,0.00007676436476078615,5,5
55,20,0.00007669800829602563,5,5
55,10,0.00007669146834152816,5,5
55,10,0.00007669146834152816,5,5
55,10,0.00007669146834152816,5,5
55,10,0.00007669146834152816,5,5
55,10,0.00007669146834152816,5,5
55,10,0.00007669146834152816,5,5
55,10,0.0000754028953647044,5,5
55,10,0.00007611171829315005,5,5
55,10,0.00007617757091556946,5,5
55,40,0.00019376817863717345,5,5
55,40,0.00019376817863717345,5,5
55,40,0.00019376817863717345,5,5
55,40,0.00019376817863717345,5,5
55,40,0.00019376817863717345,5,5
55,40,0.00019376817863717345,5,5
55,40,0.00019054541616288505,5,5
55,40,0.00019231834299873908,5,5
55,40,0.00019248303821793188,5,5
55,50,0.002394902652036917,5,5
55,50,0.002394902652036917,5,5
55,50,0.002394902652036917,5,5
55,50,0.002394902652036917,5,5
55,50,0.002394902652036917,5,5
55,50,0.002394902652036917,5,5
55,50,0.0023804641909500207,5,5
45,30,0.00008660568584189122,5,5
55,50,0.0023627505875886746,5,5
55,50,0.002382106467999353,5,5
45,40,0.00019248303821793188,5,5
45,10,0.00007618149919327344,5,5
45,0,0.00007616695528822853,5,5
55,20,0.00007676832309379002,5,5
55,30,0.00008660568584189122,5,5
55,10,0.00007618149919327344,5,5
55,40,0.00019249286261788766,5,5
44,0,0.00007257346408121,5,5
44,0,0.00007257346408121,5,5
44,0,0.00007257346408121,5,5
44,0,0.00007257346408121,5,5
44,0,0.00007257346408121,5,5
44,0,0.000057482928397299586,5,5
44,0,0.00007135408042664255,5,5
44,0,0.00007202484343352625,5,5
44,0,0.00007208716013044249,5,5
44,10,0.00007258732119638325,5,5
44,10,0.00007258732119638325,5,5
44,10,0.00007258732119638325,5,5
44,10,0.00007258732119638325,5,5
44,10,0.00007258732119638325,5,5
44,10,0.00005749391951903439,5,5
44,10,0.00007203859649616189,5,5
44,10,0.00007136770625646382,5,5
44,10,0.00007210092501273032,5,5
44,30,0.00008251919764798481,5,5
44,30,0.00008251919764798481,5,5
44,30,0.00008251919764798481,5,5
44,30,0.00008251919764798481,5,5
44,30,0.00008251919764798481,5,5
44,30,0.00006537315163823253,5,5
44,30,0.0000811339639737662,5,5
44,30,0.00008189596368326345,5,5
44,30,0.00008196675599223568,5,5
44,20,0.00007314643399823766,5,5
44,20,0.00007314643399823766,5,5
44,20,0.00007314643399823766,5,5
44,20,0.00007314643399823766,5,5
44,20,0.00005793739889895292,5,5
44,20,0.00007314643399823766,5,5
44,20,0.00007191748754953762,5,5
44,20,0.00007259351116494159,5,5
44,20,0.00007265631656070699,5,5
44,40,0.00018339866642973722,5,5
44,40,0.00018339866642973722,5,5
44,40,0.00018339866642973722,5,5
44,40,0.00018339866642973722,5,5
44,40,0.00018339866642973722,5,5
44,40,0.0001455751947529137,5,5
44,40,0.00018034837022444048,5,5
44,40,0.00018218230035393733,5,5
44,20,0.00007266006306335413,5,5
44,40,0.00018202641880630814,5,5
56,0,0.00007257346408121,5,5
56,0,0.00007257346408121,5,5
56,0,0.00007257346408121,5,5
56,0,0.00007257346408121,5,5
56,0,0.00007257346408121,5,5
56,0,0.00007257346408121,5,5
56,0,0.00007135408042664255,5,5
56,0,0.00007208716013044249,5,5
56,0,0.00007202484343352625,5,5
56,20,0.00007314643399823766,5,5
56,20,0.00007314643399823766,5,5
56,20,0.00007314643399823766,5,5
56,20,0.00007314643399823766,5,5
56,20,0.00007314643399823766,5,5
56,20,0.00007314643399823766,5,5
56,20,0.00007191748754953762,5,5
56,20,0.00007259351116494159,5,5
56,20,0.00007265631656070699,5,5
56,10,0.00007258732119638325,5,5
56,10,0.00007258732119638325,5,5
56,10,0.00007258732119638325,5,5
56,10,0.00007258732119638325,5,5
56,10,0.00007258732119638325,5,5
56,10,0.00007258732119638325,5,5
56,10,0.00007136770625646382,5,5
56,10,0.00007203859649616189,5,5
56,10,0.00007210092501273032,5,5
56,40,0.00018339866642973722,5,5
56,40,0.00018339866642973722,5,5
56,40,0.00018339866642973722,5,5
56,40,0.00018339866642973722,5,5
56,40,0.00018339866642973722,5,5
56,40,0.00018339866642973722,5,5
56,40,0.00018034837022444048,5,5
56,40,0.00018202641880630814,5,5
56,40,0.00018218230035393733,5,5
56,30,0.00008251919764798481,5,5
56,30,0.00008251919764798481,5,5
56,30,0.00008251919764798481,5,5
56,30,0.00008251919764798481,5,5
56,30,0.00008251919764798481,5,5
56,30,0.00008251919764798481,5,5
56,30,0.0000811339639737662,5,5
56,30,0.00008189596368326345,5,5
56,30,0.00008196675599223568,5,5
56,50,0.002266739336158212,5,5
56,50,0.002266739336158212,5,5
56,50,0.002266739336158212,5,5
56,50,0.002266739336158212,5,5
44,30,0.00008197097893135922,5,5
56,50,0.002266739336158212,5,5
56,50,0.002236307890787542,5,5
44,10,0.00007210464306848807,5,5
56,50,0.002266739336158212,5,5
56,50,0.002253073549922003,5,5
56,50,0.0022546279404461545,5,5
44,0,0.00007209087748113195,5,5
56,20,0.00007266006306335413,5,5
44,40,0.00018219159900071706,5,5
56,0,0.00007209087748113195,5,5
56,50,0.002254720646614578,5,5
56,10,0.00007210464306848807,5,5
56,30,0.00008197097893135922,5,5
56,40,0.00018219159900071706,5,5
43,20,0.00006808739747621024,5,5
43,10,0.00006756693134444107,5,5
43,0,0.00006800624836802454,5,5
43,0,0.00006800624836802454,5,5
43,0,0.00006800624836802454,5,5
43,0,0.00006800624836802454,5,5
43,0,0.00006800624836802454,5,5
43,0,0.00005386539494840315,5,5
43,0,0.00006686360334317617,5,5
43,0,0.00006749215368481558,5,5
43,0,0.00006755054864806576,5,5
43,10,0.00006801923342293512,5,5
43,10,0.00006801923342293512,5,5
43,10,0.00006801923342293512,5,5
43,10,0.00006801923342293512,5,5
43,10,0.00006801923342293512,5,5
43,10,0.000053875694373461746,5,5
43,10,0.00006750504123545504,5,5
43,10,0.00006687637166805579,5,5
43,10,0.00006756344727451954,5,5
43,20,0.00006854315996481995,5,5
43,20,0.00006854315996481995,5,5
43,20,0.00006854315996481995,5,5
43,20,0.00006854315996481995,5,5
43,20,0.00006854315996481995,5,5
43,20,0.000054291264571724615,5,5
43,20,0.00006739155395456011,5,5
43,20,0.0000680250338424756,5,5
43,20,0.0000680838867496279,5,5
43,30,0.00007732607395038097,5,5
43,30,0.00007732607395038097,5,5
43,30,0.00007732607395038097,5,5
43,30,0.00007732607395038097,5,5
43,30,0.00007732607395038097,5,5
43,30,0.00006125906821721144,5,5
43,30,0.00007602801623067166,5,5
43,30,0.00007674206153850558,5,5
43,30,0.00007680839872396933,5,5
43,40,0.00017185696476647078,5,5
43,40,0.00017185696476647078,5,5
43,40,0.00017185696476647078,5,5
43,40,0.00017185696476647078,5,5
43,40,0.00017185696476647078,5,5
43,40,0.00013641381152086195,5,5
43,40,0.0001689986307464583,5,5
43,40,0.00017071714741718805,5,5
43,0,0.0000675540320572907,5,5
43,40,0.0001705710758553814,5,5
57,0,0.00006800624836802454,5,5
57,0,0.00006800624836802454,5,5
57,0,0.00006800624836802454,5,5
57,0,0.00006800624836802454,5,5
57,0,0.00006800624836802454,5,5
57,0,0.00006686360334317617,5,5
57,0,0.00006800624836802454,5,5
57,0,0.00006749215368481558,5,5
57,0,0.00006755054864806576,5,5
57,20,0.00006854315996481995,5,5
57,20,0.00006854315996481995,5,5
57,20,0.00006854315996481995,5,5
57,20,0.00006854315996481995,5,5
57,20,0.00006854315996481995,5,5
57,20,0.00006854315996481995,5,5
57,20,0.00006739155395456011,5,5
57,20,0.0000680250338424756,5,5
57,20,0.0000680838867496279,5,5
57,10,0.00006801923342293512,5,5
57,10,0.00006801923342293512,5,5
57,10,0.00006801923342293512,5,5
57,10,0.00006801923342293512,5,5
57,10,0.00006801923342293512,5,5
57,10,0.00006801923342293512,5,5
57,10,0.00006687637166805579,5,5
57,10,0.00006750504123545504,5,5
57,30,0.00007732607395038097,5,5
57,10,0.00006756693134444107,5,5
57,30,0.00007732607395038097,5,5
57,30,0.00007732607395038097,5,5
57,30,0.00007732607395038097,5,5
43,30,0.0000768123559037805,5,5
57,30,0.00007732607395038097,5,5
57,30,0.00007732607395038097,5,5
57,30,0.00007602801623067166,5,5
57,30,0.00007674206153850558,5,5
57,30,0.00007680839872396933,5,5
57,40,0.00017185696476647078,5,5
57,40,0.00017185696476647078,5,5
57,40,0.00017185696476647078,5,5
57,40,0.00017185696476647078,5,5
57,40,0.00017185696476647078,5,5
57,40,0.00017185696476647078,5,5
57,40,0.0001689986307464583,5,5
57,40,0.0001705710758553814,5,5
57,40,0.00017071714741718805,5,5
57,50,0.0021240881943825926,5,5
57,50,0.0021240881943825926,5,5
57,50,0.0021240881943825926,5,5
57,50,0.0021240881943825926,5,5
57,50,0.0021240881943825926,5,5
43,40,0.00017072586087864942,5,5
57,50,0.0021240881943825926,5,5
57,50,0.002095571870154773,5,5
57,50,0.002111282427637274,5,5
57,0,0.0000675540320572907,5,5
57,50,0.002112825868730782,5,5
57,10,0.00006756344727451954,5,5
57,20,0.00006808739747621024,5,5
57,40,0.00017072586087864942,5,5
57,30,0.0000768123559037805,5,5
57,50,0.002112738996775655,5,5
42,0,0.00006309235235135488,5,5
42,0,0.00006309235235135488,5,5
42,0,0.00006309235235135488,5,5
42,0,0.00006309235235135488,5,5
42,0,0.00006309235235135488,5,5
42,0,0.00004997326803322777,5,5
42,0,0.0000620322708992782,5,5
42,0,0.00006266957991517428,5,5
42,0,0.00006261540436975999,5,5
42,10,0.00006310439915116207,5,5
42,10,0.00006310439915116207,5,5
42,10,0.00006310439915116207,5,5
42,10,0.00006310439915116207,5,5
42,10,0.00006310439915116207,5,5
42,10,0.000049982823257496235,5,5
42,10,0.00006204411662921597,5,5
42,10,0.00006262736071061683,5,5
42,10,0.00006268154653154545,5,5
42,20,0.00006359046857537032,5,5
42,20,0.00006359046857537032,5,5
42,20,0.00006359046857537032,5,5
42,20,0.00006359046857537032,5,5
42,20,0.00006359046857537032,5,5
42,20,0.00005036836579225877,5,5
42,20,0.000062522073627658,5,5
42,20,0.00006310978045247178,5,5
42,20,0.00006316438085234769,5,5
42,30,0.0000717387596095986,5,5
42,30,0.0000717387596095986,5,5
42,30,0.0000717387596095986,5,5
42,30,0.0000717387596095986,5,5
42,30,0.0000717387596095986,5,5
42,30,0.00005683270007426604,5,5
42,30,0.00007053449504583225,5,5
42,30,0.00007119694591230104,5,5
42,30,0.00007125848980245412,5,5
42,40,0.00015943917559461607,5,5
42,40,0.00015943917559461607,5,5
42,40,0.00015943917559461607,5,5
42,40,0.00015943917559461607,5,5
42,40,0.00015943917559461607,5,5
42,40,0.00012655702187083526,5,5
42,40,0.0001567873748931193,5,5
42,40,0.00015824620056349703,5,5
42,40,0.00015838171750006037,5,5
42,10,0.00006268477885463901,5,5
58,0,0.00006309235235135488,5,5
58,0,0.00006309235235135488,5,5
58,0,0.00006309235235135488,5,5
58,0,0.00006309235235135488,5,5
42,0,0.00006267281162531078,5,5
58,0,0.00006309235235135488,5,5
58,0,0.00006309235235135488,5,5
58,0,0.0000620322708992782,5,5
58,0,0.00006261540436975999,5,5
58,0,0.00006266957991517428,5,5
42,20,0.00006316763790598406,5,5
58,10,0.00006310439915116207,5,5
58,10,0.00006310439915116207,5,5
42,40,0.0001583898013569693,5,5
58,10,0.00006310439915116207,5,5
58,10,0.00006310439915116207,5,5
58,10,0.00006310439915116207,5,5
58,10,0.00006310439915116207,5,5
58,10,0.00006204411662921597,5,5
58,10,0.00006262736071061683,5,5
58,10,0.00006268154653154545,5,5
58,20,0.00006359046857537032,5,5
58,20,0.00006359046857537032,5,5
58,20,0.00006359046857537032,5,5
58,20,0.00006359046857537032,5,5
58,20,0.00006359046857537032,5,5
58,20,0.00006359046857537032,5,5
58,20,0.000062522073627658,5,5
58,20,0.00006310978045247178,5,5
58,40,0.00015943917559461607,5,5
58,20,0.00006316763790598406,5,5
58,40,0.00015943917559461607,5,5
58,40,0.00015943917559461607,5,5
58,40,0.00015943917559461607,5,5
42,30,0.00007126216105015483,5,5
58,40,0.00015943917559461607,5,5
58,40,0.00015943917559461607,5,5
58,40,0.0001567873748931193,5,5
58,40,0.00015824620056349703,5,5
58,40,0.00015838171750006037,5,5
58,30,0.0000717387596095986,5,5
58,30,0.0000717387596095986,5,5
58,50,0.0019600797928105034,5,5
58,30,0.0000717387596095986,5,5
58,30,0.0000717387596095986,5,5
58,30,0.0000717387596095986,5,5
58,30,0.0000717387596095986,5,5
58,30,0.00007119694591230104,5,5
58,10,0.00006268477885463901,5,5
58,30,0.00007053449504583225,5,5
58,30,0.00007125848980245412,5,5
58,30,0.00007126216105015483,5,5
58,50,0.001970608936698093,5,5
58,50,0.001970608936698093,5,5
58,50,0.001970608936698093,5,5
58,50,0.001970608936698093,5,5
58,50,0.001970608936698093,5,5
58,50,0.001970608936698093,5,5
58,50,0.0019441531033133328,5,5
58,50,0.0019587284703142895,5,5
58,0,0.00006267281162531078,5,5
58,50,0.001960160387698971,5,5
58,20,0.00006316438085234769,5,5
58,40,0.0001583898013569693,5,5
41,20,0.00005840862981944226,5,5
41,20,0.00005840862981944226,5,5
41,20,0.00005840862981944226,5,5
41,20,0.00005840862981944226,5,5
41,20,0.00005840862981944226,5,5
41,20,0.00004626396530925662,5,5
41,20,0.000057427295880568775,5,5
41,20,0.00005796711184893551,5,5
41,20,0.000058017262989755594,5,5
41,30,0.00006589293564925726,5,5
41,30,0.00006589293564925726,5,5
41,30,0.00006589293564925726,5,5
41,30,0.00006589293564925726,5,5
41,30,0.00006589293564925726,5,5
41,30,0.00006545517399323103,5,5
41,30,0.000052201536089370795,5,5
41,30,0.00006478680379199108,5,5
41,30,0.00006539527308463804,5,5
41,30,0.00006545180190693064,5,5
41,40,0.00014644684957754666,5,5
41,40,0.00014644684957754666,5,5
41,40,0.00014644684957754666,5,5
41,40,0.00014644684957754666,5,5
41,40,0.00014644684957754666,5,5
41,40,0.00011624418575785928,5,5
41,40,0.00014401113792140332,5,5
41,40,0.00014535108729528108,5,5
41,40,0.0001454829863955022,5,5
41,20,0.00005802025463369864,5,5
59,30,0.00006545517399323103,5,5
59,0,0.00005795110392307149,5,5
59,0,0.00005795110392307149,5,5
59,0,0.00005795110392307149,5,5
59,0,0.00005795110392307149,5,5
59,0,0.00005795110392307149,5,5
59,0,0.00005795110392307149,5,5
59,0,0.00005697740603249204,5,5
59,0,0.00005751302131848921,5,5
59,0,0.00005756278222524553,5,5
59,20,0.00005840862981944226,5,5
59,20,0.00005840862981944226,5,5
59,20,0.00005840862981944226,5,5
59,20,0.00005840862981944226,5,5
59,20,0.00005840862981944226,5,5
59,20,0.00005840862981944226,5,5
59,20,0.00005796711184893551,5,5
59,20,0.000057427295880568775,5,5
59,20,0.000058017262989755594,5,5
59,10,0.000057962169057300004,5,5
59,10,0.000057962169057300004,5,5
41,40,0.00014547556127321134,5,5
59,10,0.000057962169057300004,5,5
59,10,0.000057962169057300004,5,5
59,10,0.000057962169057300004,5,5
59,10,0.000057962169057300004,5,5
59,10,0.00005698828648156526,5,5
59,10,0.000057524003365056165,5,5
59,10,0.00005757377370999914,5,5
59,30,0.00006589293564925726,5,5
59,10,0.00005757674263863355,5,5
59,30,0.00006589293564925726,5,5
59,30,0.00006589293564925726,5,5
59,30,0.00006589293564925726,5,5
59,30,0.00006589293564925726,5,5
59,20,0.00005802025463369864,5,5
59,30,0.00006589293564925726,5,5
59,30,0.00006478680379199108,5,5
59,30,0.00006539527308463804,5,5
59,30,0.00006545180190693064,5,5
59,40,0.00014644684957754666,5,5
59,40,0.00014644684957754666,5,5
59,40,0.00014644684957754666,5,5
59,40,0.00014644684957754666,5,5
59,40,0.00014644684957754666,5,5
59,40,0.00014644684957754666,5,5
59,40,0.00014401113792140332,5,5
59,40,0.00014535108729528108,5,5
59,40,0.00014547556127321134,5,5
59,50,0.0018100286171985251,5,5
59,50,0.0018100286171985251,5,5
59,50,0.0018100286171985251,5,5
59,0,0.000057565750590871414,5,5
59,50,0.0018100286171985251,5,5
59,50,0.0018100286171985251,5,5
59,50,0.0018100286171985251,5,5
59,50,0.0017991162622711286,5,5
59,50,0.0017857286078833904,5,5
59,50,0.0018003574686534104,5,5
59,50,0.0018004314960526624,5,5
59,40,0.0001454829863955022,5,5
41,0,0.00005795110392307149,5,5
41,0,0.00005795110392307149,5,5
41,0,0.00005795110392307149,5,5
41,0,0.00005795110392307149,5,5
41,0,0.00005795110392307149,5,5
41,0,0.00004590106314377885,5,5
41,0,0.00005697740603249204,5,5
41,0,0.00005751302131848921,5,5
41,0,0.00005756278222524553,5,5
41,10,0.000057962169057300004,5,5
41,10,0.000057962169057300004,5,5
41,10,0.000057962169057300004,5,5
41,10,0.00005757674263863355,5,5
41,10,0.000057962169057300004,5,5
41,10,0.000057962169057300004,5,5
41,10,0.00004590983973513973,5,5
41,10,0.00005698828648156526,5,5
41,10,0.00005757377370999914,5,5
41,0,0.000057565750590871414,5,5
41,10,0.000057524003365056165,5,5
60,20,0.00005276203590997379,5,5
60,10,0.00005235871820725327,5,5
40,10,0.00005235871820725327,5,5
40,0,0.00005234872233904463,5,5
40,0,0.00005269915214118765,5,5
40,0,0.00005269915214118765,5,5
40,0,0.00005269915214118765,5,5
40,0,0.00005269915214118765,5,5
40,0,0.00005269915214118765,5,5
40,0,0.00004174117396050561,5,5
40,0,0.000052300771777977624,5,5
40,0,0.000051813697856428515,5,5
40,0,0.00005234602298836563,5,5
40,10,0.00005270921447223383,5,5
40,10,0.00005270921447223383,5,5
40,10,0.00005270921447223383,5,5
40,10,0.00005270921447223383,5,5
40,10,0.00005270921447223383,5,5
40,10,0.00004174915515313342,5,5
40,10,0.00005182359223983552,5,5
40,10,0.00005231075855137235,5,5
40,10,0.000052356018344589585,5,5
40,20,0.00005311521370324827,5,5
40,20,0.00005311521370324827,5,5
40,20,0.00005311521370324827,5,5
40,20,0.00005311521370324827,5,5
40,20,0.00004207118728443233,5,5
40,20,0.00005311521370324827,5,5
40,20,0.00005222281540459531,5,5
40,20,0.00005271370931203432,5,5
40,30,0.00005952314864055446,5,5
40,20,0.00005275931539062854,5,5
40,30,0.00005992123714190765,5,5
40,30,0.00005992123714190765,5,5
40,30,0.00005992123714190765,5,5
40,30,0.00005992123714190765,5,5
40,20,0.00005276203590997379,5,5
40,30,0.00005992123714190765,5,5
40,30,0.00004747065208678855,5,5
40,30,0.000058915351022608415,5,5
40,30,0.00005946867638926596,5,5
40,30,0.00005952008215731324,5,5
60,0,0.00005234872233904463,5,5
60,0,0.00005269915214118765,5,5
60,0,0.00005269915214118765,5,5
60,40,0.00013229825689236907,5,5
60,0,0.00005269915214118765,5,5
60,0,0.00005269915214118765,5,5
60,0,0.00005269915214118765,5,5
60,0,0.00005269915214118765,5,5
60,0,0.00005269915214118765,5,5
60,0,0.000052300771777977624,5,5
60,0,0.00005234602298836563,5,5
60,10,0.00005270921447223383,5,5
60,10,0.00005270921447223383,5,5
60,10,0.00005270921447223383,5,5
60,10,0.00005270921447223383,5,5
60,10,0.00005270921447223383,5,5
60,10,0.00005270921447223383,5,5
60,10,0.00005270921447223383,5,5
60,10,0.00005231075855137235,5,5
60,10,0.000052356018344589585,5,5
60,20,0.00005311521370324827,5,5
60,20,0.00005311521370324827,5,5
60,20,0.00005311521370324827,5,5
60,50,0.0016371959415136608,5,5
60,20,0.00005311521370324827,5,5
60,20,0.00005311521370324827,5,5
60,20,0.00005311521370324827,5,5
60,20,0.00005311521370324827,5,5
60,20,0.00005271370931203432,5,5
60,20,0.00005275931539062854,5,5
60,30,0.00005992123714190765,5,5
60,30,0.00005992123714190765,5,5
60,30,0.00005992123714190765,5,5
60,30,0.00005992123714190765,5,5
60,30,0.00005992123714190765,5,5
60,30,0.00005992123714190765,5,5
60,30,0.00005992123714190765,5,5
60,30,0.00005946867638926596,5,5
60,30,0.00005952008215731324,5,5
60,40,0.00013317476776162322,5,5
60,40,0.00013317476776162322,5,5
60,40,0.00013317476776162322,5,5
60,40,0.00013317476776162322,5,5
60,40,0.00013317476776162322,5,5
60,40,0.00013317476776162322,5,5
60,40,0.00013317476776162322,5,5
60,40,0.0001321783114507936,5,5
60,40,0.00013229150468882509,5,5
60,50,0.0016459906200280783,5,5
60,50,0.0016459906200280783,5,5
60,50,0.0016459906200280783,5,5
60,50,0.0016459906200280783,5,5
60,50,0.0016459906200280783,5,5
60,50,0.0016459906200280783,5,5
60,50,0.0016459906200280783,5,5
60,50,0.0016360672223081508,5,5
60,50,0.001637263260009974,5,5
60,30,0.00005952314864055446,5,5
61,50,0.0014740686351356028,5,5
39,20,0.00004750296678636568,5,5
39,10,0.000047139849876522175,5,5
39,0,0.00004713085034897683,5,5
39,30,0.00005359016391476402,5,5
39,0,0.00004744635097295873,5,5
39,0,0.00004744635097295873,5,5
39,0,0.00004744635097295873,5,5
39,0,0.00004744635097295873,5,5
39,0,4.777595518195944e-7,5,5
39,0,0.000037580612007714224,5,5
39,0,0.000046649154565459844,5,5
61,0,0.00004713085034897683,5,5
39,0,0.00004708767927207533,5,5
39,0,0.000047128420056751786,5,5
39,10,0.00004745541033864175,5,5
39,10,0.00004745541033864175,5,5
61,10,0.000047139849876522175,5,5
39,10,0.00004745541033864175,5,5
39,10,0.00004745541033864175,5,5
39,10,4.778513834037735e-7,5,5
39,10,0.00003758779767297098,5,5
39,10,0.000046658062723726535,5,5
39,10,0.00004709667061133444,5,5
39,10,0.00004713741912334465,5,5
39,20,0.000047820941494775824,5,5
39,20,0.000047820941494775824,5,5
39,20,0.000047820941494775824,5,5
39,20,0.000047820941494775824,5,5
39,20,4.81556838518436e-7,5,5
39,20,0.00003787773117105155,5,5
39,20,0.00004701749321970448,5,5
39,20,0.00004745945715416085,5,5
39,20,0.000047500517435466404,5,5
61,30,0.00005359016391476402,5,5
39,30,0.00005394857284519424,5,5
39,30,0.00005394857284519424,5,5
39,30,0.00005394857284519424,5,5
39,30,0.00005394857284519424,5,5
61,20,0.00004750296678636568,5,5
39,30,5.437304938635567e-7,5,5
39,30,0.00004273900296898056,5,5
39,30,0.00005304294867637961,5,5
39,30,0.00005354112119874476,5,5
39,30,0.000053587403084006806,5,5
61,60,0.007017720350137327,5,5
61,40,0.00011911139505259882,5,5
61,0,0.00004744635097295873,5,5
61,0,0.00004744635097295873,5,5
61,0,0.00004744635097295873,5,5
61,0,0.00004744635097295873,5,5
61,0,0.00004744635097295873,5,5
61,0,0.00004744635097295873,5,5
61,0,0.00004744635097295873,5,5
61,0,0.00004708767927207533,5,5
61,0,0.000047128420056751786,5,5
61,10,0.00004745541033864175,5,5
61,10,0.00004745541033864175,5,5
61,10,0.00004745541033864175,5,5
61,10,0.00004745541033864175,5,5
61,10,0.00004745541033864175,5,5
61,10,0.00004745541033864175,5,5
61,10,0.00004745541033864175,5,5
61,10,0.00004709667061133444,5,5
61,10,0.00004713741912334465,5,5
61,20,0.000047820941494775824,5,5
61,20,0.000047820941494775824,5,5
61,20,0.000047820941494775824,5,5
61,20,0.000047820941494775824,5,5
61,20,0.000047820941494775824,5,5
61,20,0.000047820941494775824,5,5
61,20,0.000047820941494775824,5,5
61,20,0.00004745945715416085,5,5
61,20,0.000047500517435466404,5,5
61,30,0.00005394857284519424,5,5
61,30,0.00005394857284519424,5,5
61,30,0.00005394857284519424,5,5
61,30,0.00005394857284519424,5,5
61,30,0.00005394857284519424,5,5
61,30,0.00005394857284519424,5,5
61,30,0.00005394857284519424,5,5
61,30,0.00005354112119874476,5,5
61,30,0.000053587403084006806,5,5
61,40,0.0001199005394817699,5,5
61,40,0.0001199005394817699,5,5
61,40,0.0001199005394817699,5,5
61,40,0.0001199005394817699,5,5
61,40,0.0001199005394817699,5,5
61,40,0.0001199005394817699,5,5
61,40,0.0001199005394817699,5,5
61,40,0.00011900340520290752,5,5
61,40,0.0001191053158766316,5,5
61,60,0.007018193421693064,5,5
61,60,0.007018193421693064,5,5
61,60,0.007018193421693064,5,5
61,60,0.007018193421693064,5,5
61,60,0.007018193421693064,5,5
61,60,0.007018193421693064,5,5
61,60,0.007018193421693064,5,5
61,60,0.007017655129999104,5,5
61,60,0.007017716681746953,5,5
61,50,0.0014819260933614385,5,5
61,50,0.0014819260933614385,5,5
61,50,0.0014819260933614385,5,5
61,50,0.0014819260933614385,5,5
61,50,0.0014819260933614385,5,5
61,50,0.0014819260933614385,5,5
61,50,0.0014819260933614385,5,5
61,50,0.0014729918127908037,5,5
61,50,0.0014740080266272442,5,5
62,0,0.00004201083036053086,5,5
38,0,0.00004201083036053086,5,5
38,10,0.00004201885223202747,5,5
38,30,0.00004776844187079398,5,5
38,20,0.00004234252224407965,5,5
62,50,0.0013139344381000663,5,5
62,30,0.00004776844187079398,5,5
62,60,0.006255356246795667,5,5
62,20,0.00004234252224407965,5,5
38,0,0.00004229205684158521,5,5
38,0,0.00004229205684158521,5,5
38,0,0.00004229205684158521,5,5
62,40,0.0001060755711235197,5,5
38,0,0.00004229205684158521,5,5
38,0,4.258585477665138e-7,5,5
38,0,0.00003349807406849132,5,5
62,40,0.00010687524598023939,5,5
38,0,0.000041581463190261795,5,5
38,0,0.00004197234913698475,5,5
38,0,0.000042008664081042227,5,5
38,10,0.00004230013205075426,5,5
38,10,0.00004230013205075426,5,5
38,10,0.00004230013205075426,5,5
38,10,0.00004230013205075426,5,5
62,50,0.0013209383080100374,5,5
38,10,4.259404033043632e-7,5,5
38,10,0.000033504479125092184,5,5
38,10,0.000041589403618303985,5,5
62,50,0.0013209383080100374,5,5
38,10,0.00004198036370972288,5,5
38,10,0.00004201668554166154,5,5
38,20,0.00004262595403949702,5,5
62,30,0.000048087915350786686,5,5
38,20,0.00004262595403949702,5,5
38,20,0.00004262595403949702,5,5
38,20,0.00004262595403949702,5,5
38,20,4.292433194426935e-7,5,5
38,20,0.000033762915943301754,5,5
38,20,0.00004190978768693698,5,5
38,20,0.00004230373924389891,5,5
62,60,0.006255777926623844,5,5
38,20,0.000042340338976339787,5,5
62,40,0.00010617182958740142,5,5
38,30,0.000048087915350786686,5,5
62,60,0.006255777926623844,5,5
38,30,0.000048087915350786686,5,5
38,30,0.000048087915350786686,5,5
38,30,0.000048087915350786686,5,5
62,20,0.00004230373924389891,5,5
38,30,4.846627924260526e-7,5,5
38,30,0.0000380960875989594,5,5
38,30,0.000047280672896115084,5,5
38,30,0.00004772472686867012,5,5
38,30,0.00004776598096054643,5,5
62,10,0.00004201668554166154,5,5
62,10,0.00004230013205075426,5,5
62,10,0.00004230013205075426,5,5
62,0,0.00004229205684158521,5,5
62,0,0.00004229205684158521,5,5
62,0,0.00004229205684158521,5,5
62,0,0.00004229205684158521,5,5
62,0,0.00004229205684158521,5,5
62,0,0.00004229205684158521,5,5
62,0,0.00004229205684158521,5,5
62,0,0.00004197234913698475,5,5
62,0,0.000042008664081042227,5,5
62,10,0.00004230013205075426,5,5
62,10,0.00004230013205075426,5,5
62,10,0.00004230013205075426,5,5
62,10,0.00004230013205075426,5,5
62,10,0.00004230013205075426,5,5
62,10,0.00004198036370972288,5,5
62,20,0.00004262595403949702,5,5
62,10,0.00004201885223202747,5,5
62,20,0.00004262595403949702,5,5
62,20,0.00004262595403949702,5,5
62,20,0.00004262595403949702,5,5
62,20,0.00004262595403949702,5,5
62,20,0.00004262595403949702,5,5
62,20,0.00004262595403949702,5,5
62,20,0.000042340338976339787,5,5
62,60,0.006255777926623844,5,5
62,60,0.006255777926623844,5,5
62,60,0.006255777926623844,5,5
62,60,0.006255777926623844,5,5
62,60,0.006255777926623844,5,5
62,60,0.006255298111791891,5,5
62,60,0.006255352976917774,5,5
62,30,0.000048087915350786686,5,5
62,30,0.000048087915350786686,5,5
62,30,0.000048087915350786686,5,5
62,30,0.000048087915350786686,5,5
62,30,0.000048087915350786686,5,5
62,30,0.000048087915350786686,5,5
62,30,0.00004772472686867012,5,5
62,30,0.00004776598096054643,5,5
62,50,0.0013209383080100374,5,5
62,50,0.0013209383080100374,5,5
62,50,0.0013209383080100374,5,5
62,50,0.0013209383080100374,5,5
62,50,0.0013209383080100374,5,5
62,50,0.0013129745954381807,5,5
62,50,0.0013138804137456529,5,5
62,40,0.00010687524598023939,5,5
62,40,0.00010687524598023939,5,5
62,40,0.00010687524598023939,5,5
62,40,0.00010687524598023939,5,5
62,40,0.00010687524598023939,5,5
62,40,0.00010687524598023939,5,5
62,40,0.00010616641081756402,5,5
37,10,0.00003732975037536716,5,5
37,30,0.00004211694040582243,5,5
37,10,0.00002956761082201151,5,5
37,30,0.000042437453243946735,5,5
37,0,0.00003704048285408284,5,5
37,20,0.00003761728738570034,5,5
37,0,0.00003732262402545075,5,5
63,60,0.005520706841397106,5,5
63,40,0.00009431711108989709,5,5
63,50,0.0011586964749447396,5,5
63,40,0.00009369156600535224,5,5
63,40,0.00009431711108989709,5,5
63,30,0.000042437453243946735,5,5
63,20,0.00003761728738570034,5,5
63,30,0.000042437453243946735,5,5
63,0,0.00003732262402545075,5,5
63,10,0.00003732975037536716,5,5
63,0,0.000037072530692489804,5,5
63,40,0.00009369634805485338,5,5
63,20,0.00003736715960457001,5,5
37,0,0.00003707444242818975,5,5
37,20,0.00003736715960457001,5,5
63,30,0.00004215551877515197,5,5
63,60,0.005520334710106715,5,5
63,50,0.0011595435334580497,5,5
63,10,0.000037081521707756964,5,5
63,0,0.00003707444242818975,5,5
37,10,0.000037081521707756964,5,5
37,30,0.00004215334702861636,5,5
63,0,0.00003732262402545075,5,5
63,0,0.00003732262402545075,5,5
63,0,0.00003732262402545075,5,5
63,0,0.00003732262402545075,5,5
63,0,0.00003732262402545075,5,5
63,0,0.00003732262402545075,5,5
63,0,0.00003704048285408284,5,5
63,10,0.00003732975037536716,5,5
63,10,0.00003732975037536716,5,5
63,10,0.00003732975037536716,5,5
63,10,0.00003732975037536716,5,5
63,10,0.00003732975037536716,5,5
63,10,0.00003732975037536716,5,5
63,10,0.000037047555692515616,5,5
63,10,0.00003707960960945886,5,5
63,30,0.000042437453243946735,5,5
63,30,0.000042437453243946735,5,5
63,30,0.000042437453243946735,5,5
63,30,0.000042437453243946735,5,5
63,30,0.000042437453243946735,5,5
63,30,0.00004211694040582243,5,5
63,30,0.00004215334702861636,5,5
63,20,0.00003761728738570034,5,5
63,20,0.00003761728738570034,5,5
63,20,0.00003761728738570034,5,5
63,20,0.00003761728738570034,5,5
63,20,0.00003761728738570034,5,5
63,20,0.00003761728738570034,5,5
63,20,0.00003733293371341168,5,5
63,20,0.000037365232876785,5,5
63,40,0.00009431711108989709,5,5
63,40,0.00009431711108989709,5,5
63,40,0.00009431711108989709,5,5
63,40,0.00009431711108989709,5,5
63,40,0.00009431711108989709,5,5
63,40,0.00009361140022481059,5,5
63,50,0.0011657244294204325,5,5
63,50,0.0011657244294204325,5,5
63,50,0.0011657244294204325,5,5
63,50,0.0011657244294204325,5,5
63,50,0.0011657244294204325,5,5
63,50,0.0011657244294204325,5,5
63,50,0.0011657244294204325,5,5
63,50,0.001159495857113637,5,5
63,60,0.005520706841397106,5,5
63,60,0.005520706841397106,5,5
63,60,0.005520706841397106,5,5
63,60,0.005520706841397106,5,5
63,60,0.005520706841397106,5,5
63,60,0.005520706841397106,5,5
63,60,0.0055202834061255255,5,5
63,60,0.005520331824448453,5,5
37,0,0.00003732262402545075,5,5
37,0,0.00003732262402545075,5,5
37,0,0.00003732262402545075,5,5
37,0,3.75818998963548e-7,5,5
37,0,0.00002956195837714998,5,5
37,0,0.00003669552707950272,5,5
37,0,0.000037072530692489804,5,5
37,20,0.00003761728738570034,5,5
37,20,0.00003761728738570034,5,5
37,20,0.00003761728738570034,5,5
37,20,3.788060506729306e-7,5,5
37,20,0.000029795680604393877,5,5
37,20,0.00003698527254621405,5,5
37,20,0.00003733293371341168,5,5
37,20,0.000037365232876785,5,5
37,10,0.00003732975037536716,5,5
37,10,0.00003732975037536716,5,5
37,10,0.00003732975037536716,5,5
37,10,3.758912362509205e-7,5,5
37,10,0.00003670253448544492,5,5
37,10,0.000037047555692515616,5,5
37,10,0.00003707960960945886,5,5
37,30,0.000042437453243946735,5,5
37,30,0.000042437453243946735,5,5
37,30,0.000042437453243946735,5,5
37,30,4.277135833946029e-7,5,5
37,30,0.0000336196926912884,5,5
37,30,0.000041725063994449054,5,5
37,30,0.00004215551877515197,5,5
64,20,0.00003286680938259104,5,5
64,0,0.000032390846982323774,5,5
64,10,0.00003236902593618959,5,5
64,0,0.00003260935741924073,5,5
36,30,0.00003683193277072496,5,5
64,40,0.00008186395738184985,5,5
64,0,0.00003260935741924073,5,5
64,30,0.00003683193277072496,5,5
64,10,0.000032398702572279255,5,5
64,20,0.000032648268847772356,5,5
64,50,0.0010131112297977396,5,5
36,0,0.000032392517295554866,5,5
64,60,0.004823202342711952,5,5
36,20,0.000032648268847772356,5,5
36,10,0.000032398702572279255,5,5
64,0,0.00003260935741924073,5,5
64,0,0.00003260935741924073,5,5
64,0,0.00003260935741924073,5,5
64,0,0.00003260935741924073,5,5
64,0,0.00003260935741924073,5,5
64,0,0.00003236284628718459,5,5
64,10,0.00003261558382206183,5,5
64,0,0.000032392517295554866,5,5
64,10,0.00003261558382206183,5,5
64,10,0.00003261558382206183,5,5
64,10,0.00003261558382206183,5,5
64,10,0.00003261558382206183,5,5
64,10,0.00003261558382206183,5,5
64,10,0.00003261558382206183,5,5
64,10,0.00003239703194224047,5,5
64,20,0.00003286680938259104,5,5
64,20,0.00003286680938259104,5,5
64,20,0.00003286680938259104,5,5
64,20,0.00003286680938259104,5,5
64,20,0.00003286680938259104,5,5
64,20,0.000032618365154049886,5,5
64,20,0.00003264658543572319,5,5
64,30,0.000037078263303526206,5,5
64,30,0.000037078263303526206,5,5
64,30,0.000037078263303526206,5,5
64,30,0.000037078263303526206,5,5
64,30,0.000037078263303526206,5,5
64,30,0.000037078263303526206,5,5
64,30,0.00003679822624909178,5,5
64,30,0.00003683003528198052,5,5
64,50,0.0010185115747861047,5,5
64,50,0.0010185115747861047,5,5
64,50,0.0010185115747861047,5,5
64,50,0.0010185115747861047,5,5
64,50,0.0010185115747861047,5,5
64,50,0.0010123711415928828,5,5
64,50,0.001013069574233695,5,5
64,40,0.00008240632770577455,5,5
64,40,0.00008240632770577455,5,5
64,40,0.00008240632770577455,5,5
64,40,0.00008240632770577455,5,5
64,40,0.00008240632770577455,5,5
64,40,0.00008240632770577455,5,5
64,40,0.00008185977923078328,5,5
64,60,0.0048235274796114185,5,5
64,60,0.0048235274796114185,5,5
64,60,0.0048235274796114185,5,5
64,60,0.0048235274796114185,5,5
64,60,0.0048235274796114185,5,5
64,60,0.0048235274796114185,5,5
64,60,0.004823157517625205,5,5
64,60,0.004823199821467423,5,5
36,0,0.00003260935741924073,5,5
36,0,0.00003260935741924073,5,5
36,0,0.00003260935741924073,5,5
36,0,3.2835890782455864e-7,5,5
36,0,0.000025828743072187095,5,5
36,0,0.00003206145305879198,5,5
36,0,0.00003236284628718459,5,5
36,20,0.00003286680938259104,5,5
36,20,0.00003286680938259104,5,5
36,20,0.00003286680938259104,5,5
36,20,0.00003286680938259104,5,5
36,20,3.309687413870294e-7,5,5
36,20,0.000026032949819274915,5,5
36,20,0.000032618365154049886,5,5
36,20,0.00003264658543572319,5,5
36,10,0.00003261558382206183,5,5
36,10,0.00003261558382206183,5,5
36,10,0.00003261558382206183,5,5
36,10,3.284220226666795e-7,5,5
36,10,0.00003206757553841172,5,5
36,10,0.00003236902593618959,5,5
36,10,0.00003239703194224047,5,5
36,30,0.000037078263303526206,5,5
36,30,0.000037078263303526206,5,5
36,30,0.000037078263303526206,5,5
36,30,3.737000138164967e-7,5,5
36,30,0.000029374048688207644,5,5
36,30,0.00003645583773016215,5,5
36,30,0.00003679822624909178,5,5
36,30,0.00003683003528198052,5,5
36,30,0.000037078263303526206,5,5
36,10,0.000025833681701224937,5,5
36,10,0.00003261558382206183,5,5
36,20,0.000032314608182026505,5,5
36,0,0.000032390846982323774,5,5
36,0,0.00003260935741924073,5,5
64,60,0.0048235274796114185,5,5
64,40,0.00008178973714079835,5,5
64,30,0.000037078263303526206,5,5
64,40,0.00008240632770577455,5,5
64,50,0.0010185115747861047,5,5
64,50,0.0010185115747861047,5,5
64,20,0.00003286680938259104,5,5
35,20,0.000028241496653221133,5,5
65,50,0.0008763643040027735,5,5
65,30,0.00003185881992714096,5,5
65,60,0.004172179954000864,5,5
65,0,0.00002802026573161595,5,5
65,20,0.000028241496653221133,5,5
65,10,0.000028025616136953642,5,5
65,40,0.0000708141889298574,5,5
35,0,0.00002802026573161595,5,5
35,10,0.000028025616136953642,5,5
65,0,0.00002820783738069517,5,5
65,0,0.00002820783738069517,5,5
65,0,0.00002820783738069517,5,5
65,0,0.00002820783738069517,5,5
65,0,0.00002820783738069517,5,5
65,0,0.00002820783738069517,5,5
65,0,0.000027994599633131716,5,5
65,0,0.000028018820872602177,5,5
65,10,0.00002821322336104379,5,5
65,10,0.00002821322336104379,5,5
65,10,0.00002821322336104379,5,5
65,10,0.00002821322336104379,5,5
65,10,0.00002821322336104379,5,5
65,10,0.00002799994517036392,5,5
65,10,0.000028024171003894084,5,5
65,20,0.00002843053919668495,5,5
65,20,0.00002843053919668495,5,5
65,20,0.00002843053919668495,5,5
65,20,0.00002843053919668495,5,5
65,20,0.00002843053919668495,5,5
65,20,0.00002843053919668495,5,5
65,20,0.000028215629276604017,5,5
65,30,0.00003207354282324325,5,5
65,30,0.00003207354282324325,5,5
65,30,0.00003207354282324325,5,5
65,30,0.00003207354282324325,5,5
65,30,0.00003207354282324325,5,5
65,30,0.00003207354282324325,5,5
65,40,0.00007128335162143365,5,5
65,30,0.00003186046129815133,5,5
65,40,0.00007128335162143365,5,5
65,40,0.00007128335162143365,5,5
65,40,0.00007128335162143365,5,5
65,40,0.00007128335162143365,5,5
65,40,0.00007128335162143365,5,5
65,40,0.00007074998672976433,5,5
65,40,0.00007081057473395888,5,5
65,50,0.0008810357254991558,5,5
65,50,0.0008810357254991558,5,5
65,50,0.0008810357254991558,5,5
65,50,0.0008810357254991558,5,5
65,50,0.0008810357254991558,5,5
65,50,0.0008757241108379229,5,5
65,50,0.0008763282709904846,5,5
65,60,0.004172461204829222,5,5
65,60,0.004172461204829222,5,5
65,60,0.004172461204829222,5,5
65,60,0.004172461204829222,5,5
65,60,0.004172461204829222,5,5
65,60,0.004172461204829222,5,5
65,60,0.004172141179279201,5,5
65,60,0.004172177773066884,5,5
35,0,0.00002820783738069517,5,5
35,0,0.00002820783738069517,5,5
35,0,0.00002820783738069517,5,5
35,0,2.840379390288955e-7,5,5
35,0,0.00002234245143077004,5,5
35,0,0.000027994599633131716,5,5
35,0,0.000028018820872602177,5,5
35,20,0.00002843053919668495,5,5
35,20,0.00002843053919668495,5,5
35,20,0.00002843053919668495,5,5
35,20,0.000022519094921159595,5,5
35,20,0.00002795287257275581,5,5
35,20,0.000028215629276604017,5,5
35,10,0.00002821322336104379,5,5
35,10,0.00002821322336104379,5,5
35,10,0.00002821322336104379,5,5
35,10,0.00002821322336104379,5,5
35,10,2.8409253480580646e-7,5,5
35,10,0.000022346723457446066,5,5
35,10,0.00002773918370580814,5,5
35,10,0.000028024171003894084,5,5
35,30,0.00003207354282324325,5,5
35,30,0.00003207354282324325,5,5
35,30,0.00003207354282324325,5,5
35,30,3.2325902909940453e-7,5,5
35,30,0.000025409221591121883,5,5
35,30,0.00003183130438871972,5,5
35,30,0.00003185881992714096,5,5
35,10,0.00002799994517036392,5,5
35,30,0.00003153513051633046,5,5
35,30,0.00003207354282324325,5,5
35,20,0.00002843053919668495,5,5
35,20,0.00002824004046343118,5,5
35,20,2.8629550454220385e-7,5,5
35,0,0.00002820783738069517,5,5
35,0,0.000027733887621397153,5,5
65,60,0.004172461204829222,5,5
65,50,0.0008810357254991558,5,5
65,50,0.0008810357254991558,5,5
65,40,0.00007128335162143365,5,5
65,10,0.00002821322336104379,5,5
65,20,0.00002824004046343118,5,5
65,20,0.00002843053919668495,5,5
65,10,0.00002821322336104379,5,5
65,30,0.00003183130438871972,5,5
65,0,0.00002820783738069517,5,5
65,30,0.00003207354282324325,5,5
35,30,0.00003186046129815133,5,5
66,10,0.000024001557817699163,5,5
66,0,0.000023996975650355074,5,5
66,10,0.000024162227457004,5,5
66,10,0.00002400032018408167,5,5
34,30,0.000027260806291114966,5,5
66,50,0.0007505006691263697,5,5
66,50,0.0007499832573141891,5,5
34,20,0.00002434833999663035,5,5
34,10,0.000024162227457004,5,5
34,10,0.000024162227457004,5,5
66,40,0.00006104813100345253,5,5
34,0,0.00002397499481882888,5,5
34,0,0.00002415761482268717,5,5
34,0,0.00001913441036172897,5,5
66,60,0.0035733583290526493,5,5
66,40,0.00006059134931405911,5,5
66,40,0.00006104813100345253,5,5
66,30,0.000027468262918062022,5,5
66,60,0.0035733583290526493,5,5
66,30,0.000027284371010729874,5,5
66,0,0.00002415761482268717,5,5
66,0,0.00002415761482268717,5,5
66,0,0.00002415761482268717,5,5
66,0,0.00002415761482268717,5,5
66,10,0.000024162227457004,5,5
66,0,0.00002415761482268717,5,5
66,0,0.00002397499481882888,5,5
66,0,0.0000239957382514345,5,5
66,30,0.000027468262918062022,5,5
66,10,0.000024162227457004,5,5
66,10,0.000024162227457004,5,5
66,10,0.000024162227457004,5,5
66,10,0.000024162227457004,5,5
66,10,0.00002397957281705445,5,5
66,10,0.000024162227457004,5,5
66,20,0.00002434833999663035,5,5
66,0,0.00002415761482268717,5,5
66,20,0.00002434833999663035,5,5
66,20,0.00002434833999663035,5,5
66,20,0.00002434833999663035,5,5
66,20,0.00002418519402552862,5,5
66,0,0.00002415761482268717,5,5
66,30,0.000027468262918062022,5,5
66,30,0.000027468262918062022,5,5
66,30,0.000027260806291114966,5,5
66,50,0.0007545322037414123,5,5
66,50,0.0007545322037414123,5,5
66,50,0.0007545322037414123,5,5
66,50,0.0007545322037414123,5,5
66,30,0.000027468262918062022,5,5
66,40,0.00006104813100345253,5,5
66,40,0.00006104813100345253,5,5
66,40,0.00006104813100345253,5,5
66,30,0.000027468262918062022,5,5
66,60,0.0035733583290526493,5,5
66,60,0.0035733583290526493,5,5
66,60,0.003573084254373805,5,5
66,60,0.003573115593842188,5,5
34,0,0.00002415761482268717,5,5
66,20,0.00002434833999663035,5,5
34,0,0.00002415761482268717,5,5
66,30,0.000027468262918062022,5,5
34,0,0.00002375171714340376,5,5
34,0,0.0000239957382514345,5,5
34,10,0.000024162227457004,5,5
34,10,2.4330110590244664e-7,5,5
34,10,0.000023756252789491885,5,5
34,10,0.00002400032018408167,5,5
34,20,0.00002434833999663035,5,5
34,20,2.451877622114613e-7,5,5
34,20,0.000019285690495125032,5,5
34,20,0.000024164287919159005,5,5
66,50,0.0007545322037414123,5,5
66,50,0.0007545322037414123,5,5
66,20,0.000024164287919159005,5,5
34,30,0.000027468262918062022,5,5
34,30,0.000027468262918062022,5,5
34,30,0.000021760838303850943,5,5
66,50,0.0007545322037414123,5,5
66,20,0.00002434833999663035,5,5
66,40,0.00006104813100345253,5,5
66,20,0.00002434833999663035,5,5
66,40,0.00006064323778918231,5,5
66,40,0.00006104813100345253,5,5
66,60,0.0035731174616267453,5,5
66,60,0.0035733583290526493,5,5
66,60,0.0035733583290526493,5,5
66,60,0.0035733583290526493,5,5
34,0,0.00002415761482268717,5,5
34,0,2.4325434926060457e-7,5,5
34,10,0.000024162227457004,5,5
34,10,0.000019138068989420234,5,5
34,10,0.00002397957281705445,5,5
34,20,0.00002434833999663035,5,5
34,20,0.000023939259138753925,5,5
34,20,0.00002418519402552862,5,5
34,30,0.000027468262918062022,5,5
34,10,0.000024001557817699163,5,5
34,30,0.000027468262918062022,5,5
34,30,2.768438787967369e-7,5,5
34,20,0.000024186441128295786,5,5
34,30,0.000027284371010729874,5,5
34,20,0.00002434833999663035,5,5
34,30,0.000027007158546583455,5,5
34,0,0.000023996975650355074,5,5
34,30,0.000027285776705470523,5,5
66,30,0.000027285776705470523,5,5
66,20,0.000024186441128295786,5,5
66,50,0.0007505315283382983,5,5
66,40,0.000060646333040733665,5,5
67,20,0.000020506470963814876,5,5
67,20,0.000020644801386789005,5,5
67,40,0.00005176231890040038,5,5
67,40,0.00005141901253977676,5,5
67,20,0.000020644801386789005,5,5
67,50,0.0006359059957603389,5,5
33,0,0.000016223943875676173,5,5
33,0,0.000020138928694466333,5,5
33,0,0.00002032824440403398,5,5
33,30,0.00002311426288616319,5,5
33,30,0.00002313424326085212,5,5
33,30,2.3473414999535503e-7,5,5
33,30,0.000022899196589701717,5,5
33,30,0.000023290164030154482,5,5
33,30,0.000023290164030154482,5,5
33,30,0.000023290164030154482,5,5
67,60,0.00302982761852881,5,5
33,20,0.000016352213330931034,5,5
33,20,0.000020644801386789005,5,5
33,20,2.078931316889528e-7,5,5
33,20,0.000020644801386789005,5,5
33,10,0.00002014277443970655,5,5
33,10,0.00002034971761887179,5,5
33,10,0.000020486997757600716,5,5
33,10,0.00001622704600264026,5,5
33,10,2.0629344789982704e-7,5,5
33,0,0.000020483086734534946,5,5
67,40,0.00005176231890040038,5,5
33,0,0.000020483086734534946,5,5
33,0,0.000020483086734534946,5,5
67,60,0.003029621804900027,5,5
67,50,0.0006397630182728453,5,5
67,60,0.003029595232365701,5,5
67,50,0.0006397630182728453,5,5
67,60,0.00302982761852881,5,5
67,60,0.00302982761852881,5,5
67,60,0.00302982761852881,5,5
67,20,0.000020644801386789005,5,5
67,40,0.00005176231890040038,5,5
67,10,0.000020332126059380017,5,5
67,0,0.00002032824440403398,5,5
67,20,0.000020644801386789005,5,5
67,0,0.000020483086734534946,5,5
67,30,0.00002311426288616319,5,5
67,30,0.000023290164030154482,5,5
67,30,0.000023290164030154482,5,5
67,50,0.0006363708712467334,5,5
67,60,0.003029623388582579,5,5
33,20,0.00002050752837425606,5,5
33,0,0.0000203468818101667,5,5
67,0,0.000020483086734534946,5,5
67,0,0.000020483086734534946,5,5
67,0,0.000020483086734534946,5,5
67,10,0.000020486997757600716,5,5
67,0,0.0000203468818101667,5,5
67,10,0.000020486997757600716,5,5
67,10,0.000020486997757600716,5,5
67,10,0.000020486997757600716,5,5
67,10,0.000020486997757600716,5,5
67,50,0.0006397630182728453,5,5
67,10,0.00002034971761887179,5,5
67,20,0.000020644801386789005,5,5
67,20,0.000020644801386789005,5,5
67,20,0.000020488744810252466,5,5
67,30,0.000023290164030154482,5,5
67,30,0.000023290164030154482,5,5
67,30,0.00002313424326085212,5,5
67,40,0.00005142163698372352,5,5
67,40,0.00005176231890040038,5,5
67,40,0.00005176231890040038,5,5
67,40,0.00005176231890040038,5,5
67,40,0.00005137501663437491,5,5
67,50,0.0006397630182728453,5,5
67,50,0.0006397630182728453,5,5
67,50,0.0006397630182728453,5,5
67,50,0.0006397630182728453,5,5
67,50,0.0006363447059187766,5,5
67,60,0.00302982761852881,5,5
67,60,0.00302982761852881,5,5
67,60,0.00302982761852881,5,5
33,30,0.000023135435140410817,5,5
33,0,0.000020483086734534946,5,5
33,0,2.0625380324296435e-7,5,5
33,0,0.000020345832627554864,5,5
33,10,0.000020486997757600716,5,5
33,10,0.000020486997757600716,5,5
33,10,0.000020486997757600716,5,5
33,10,0.000020332126059380017,5,5
33,20,0.000020644801386789005,5,5
33,20,0.000020644801386789005,5,5
67,20,0.00002050752837425606,5,5
33,20,0.000020297944349998545,5,5
33,20,0.000020488744810252466,5,5
33,20,0.000020506470963814876,5,5
33,30,0.000023290164030154482,5,5
67,10,0.000020350767000481604,5,5
33,30,0.000018450875289863926,5,5
67,30,0.000023290164030154482,5,5
67,30,0.000023135435140410817,5,5
67,30,0.000023290164030154482,5,5
67,30,0.000023290164030154482,5,5
33,10,0.000020350767000481604,5,5
67,0,0.000020483086734534946,5,5
67,0,0.000020483086734534946,5,5
67,40,0.00005176231890040038,5,5
67,0,0.000020483086734534946,5,5
67,10,0.000020486997757600716,5,5
67,10,0.000020486997757600716,5,5
67,0,0.000020345832627554864,5,5
67,20,0.000020644801386789005,5,5
68,0,0.000017079451159709554,5,5
68,10,0.000017197953213088622,5,5
68,10,0.000017197953213088622,5,5
68,30,0.0000195510906993268,5,5
68,40,0.000043452239766062795,5,5
68,40,0.000043452239766062795,5,5
68,40,0.000043452239766062795,5,5
68,30,0.0000195510906993268,5,5
68,30,0.00001940342925667506,5,5
68,30,0.00001942020192161822,5,5
68,30,0.0000195510906993268,5,5
68,30,0.0000195510906993268,5,5
68,30,0.0000195510906993268,5,5
68,20,0.000017330422570665805,5,5
68,20,0.000017199419788626887,5,5
68,10,0.000017197953213088622,5,5
68,20,0.000017330422570665805,5,5
68,20,0.000017330422570665805,5,5
68,20,0.000017330422570665805,5,5
68,20,0.000017330422570665805,5,5
68,10,0.00001708271244277756,5,5
68,10,0.000017197953213088622,5,5
68,20,0.000017330422570665805,5,5
68,10,0.000017067945085419308,5,5
68,10,0.000017197953213088622,5,5
68,10,0.000017197953213088622,5,5
68,0,0.000017194670077487358,5,5
68,0,0.000017194670077487358,5,5
68,0,0.00001706468660275528,5,5
68,0,0.000017194670077487358,5,5
68,0,0.000017194670077487358,5,5
68,0,0.000017194670077487358,5,5
68,0,0.000017194670077487358,5,5
32,20,0.000017214300131916907,5,5
68,50,0.0005342059680664249,5,5
32,0,0.00001708033190337357,5,5
68,0,0.00001708033190337357,5,5
32,10,0.000017083593353491875,5,5
68,20,0.000017215187782489706,5,5
68,40,0.00004316625195404299,5,5
68,10,0.000017083593353491875,5,5
68,30,0.000019421202453229958,5,5
68,60,0.002543238492364826,5,5
32,30,0.000019421202453229958,5,5
32,20,0.000017215187782489706,5,5
32,30,0.0000195510906993268,5,5
68,0,0.000017194670077487358,5,5
68,10,0.000017197953213088622,5,5
68,20,0.000017330422570665805,5,5
32,30,0.0000195510906993268,5,5
68,20,0.000017214300131916907,5,5
68,30,0.0000195510906993268,5,5
68,30,0.0000195510906993268,5,5
68,40,0.000043452239766062795,5,5
32,30,0.00001940342925667506,5,5
68,40,0.000043452239766062795,5,5
32,30,0.00001942020192161822,5,5
32,30,0.000015488716000756475,5,5
68,40,0.00004316404884626016,5,5
68,50,0.0005370535295557772,5,5
68,50,0.0005370535295557772,5,5
32,30,0.0000195510906993268,5,5
32,30,1.9704922004184402e-7,5,5
32,0,0.000017194670077487358,5,5
68,60,0.002543409934618179,5,5
68,60,0.002543409934618179,5,5
68,60,0.002543409934618179,5,5
68,60,0.002543237162931458,5,5
32,20,0.000017330422570665805,5,5
68,40,0.000043452239766062795,5,5
32,20,0.000017039251010980387,5,5
32,20,0.000017330422570665805,5,5
32,20,1.7451733994467815e-7,5,5
32,20,0.000013726979576178267,5,5
32,10,0.00001708271244277756,5,5
32,10,0.000017197953213088622,5,5
32,10,0.000017197953213088622,5,5
32,10,1.731744742263031e-7,5,5
32,10,0.000017197953213088622,5,5
32,20,0.000017330422570665805,5,5
32,20,0.000017330422570665805,5,5
32,20,0.000017199419788626887,5,5
32,10,0.000017067945085419308,5,5
32,30,0.0000195510906993268,5,5
32,30,0.000019222890353512193,5,5
32,10,0.000013621906989105188,5,5
32,10,0.000016908992547107114,5,5
32,0,1.7314119424248377e-7,5,5
32,10,0.000017197953213088622,5,5
32,0,0.000013619302886980455,5,5
32,0,0.000016905764209432008,5,5
32,0,0.00001706468660275528,5,5
32,0,0.000017079451159709554,5,5
32,0,0.000017194670077487358,5,5
68,40,0.000043127116176494554,5,5
32,0,0.000017194670077487358,5,5
32,0,0.000017194670077487358,5,5
68,60,0.0025432148564321117,5,5
68,50,0.0005341840033993063,5,5
68,60,0.002543409934618179,5,5
68,60,0.002543409934618179,5,5
68,60,0.002543409934618179,5,5
68,60,0.002543409934618179,5,5
68,50,0.0005370535295557772,5,5
68,50,0.0005370535295557772,5,5
68,40,0.000043452239766062795,5,5
68,50,0.0005338157250957602,5,5
68,50,0.0005370535295557772,5,5
68,50,0.0005370535295557772,5,5
68,50,0.0005370535295557772,5,5
69,50,0.00044396260601283323,5,5
31,0,0.000014194804782399083,5,5
31,10,0.000014293292344926728,5,5
31,20,0.000014306878338960785,5,5
31,30,0.000012872737999884143,5,5
31,30,0.000015976226248139395,5,5
31,30,0.000016126272901399003,5,5
31,30,0.000016248994956852043,5,5
31,30,0.000016248994956852043,5,5
31,30,0.000016248994956852043,5,5
31,20,0.000014161394267149036,5,5
31,10,0.000014293292344926728,5,5
31,20,0.000014294511222118368,5,5
31,20,0.000014403388193609108,5,5
31,20,0.000014403388193609108,5,5
31,20,1.450421063589036e-7,5,5
31,10,0.000014185242034929358,5,5
31,10,0.000014293292344926728,5,5
31,10,0.00001419751524868152,5,5
31,20,0.000014403388193609108,5,5
31,10,0.000014293292344926728,5,5
31,10,1.4392604492677227e-7,5,5
31,10,0.000011321225059648464,5,5
31,0,1.4389838579012607e-7,5,5
31,0,0.000011319060779253971,5,5
31,0,0.000014050452816438021,5,5
31,0,0.000014290563716910623,5,5
31,0,0.000014290563716910623,5,5
31,0,0.000014290563716910623,5,5
69,30,0.000016248994956852043,5,5
69,40,0.00003611334199615762,5,5
69,20,0.000014294511222118368,5,5
69,60,0.0021136963697851977,5,5
69,20,0.000014403388193609108,5,5
69,20,0.000014403388193609108,5,5
69,20,0.000014306878338960785,5,5
69,0,0.000014182533896074651,5,5
69,0,0.000014290563716910623,5,5
69,0,0.000014290563716910623,5,5
69,0,0.000014290563716910623,5,5
69,0,0.000014290563716910623,5,5
69,0,0.000014194804782399083,5,5
69,10,0.000014293292344926728,5,5
69,10,0.000014293292344926728,5,5
69,10,0.000014293292344926728,5,5
69,10,0.000014293292344926728,5,5
69,40,0.00003611334199615762,5,5
69,0,0.000014290563716910623,5,5
69,10,0.00001419751524868152,5,5
69,10,0.000014293292344926728,5,5
69,10,0.000014185242034929358,5,5
69,20,0.000014307616069141785,5,5
69,30,0.000016141044280941435,5,5
69,40,0.000035875656304515316,5,5
69,20,0.000014403388193609108,5,5
69,50,0.0004439808609414574,5,5
69,0,0.000014290563716910623,5,5
69,60,0.0021138388561739566,5,5
69,60,0.0021136952648874493,5,5
69,60,0.002113676725860601,5,5
69,50,0.00044365652834232975,5,5
69,0,0.000014195536772218728,5,5
69,20,0.000014403388193609108,5,5
69,50,0.0004463474814533958,5,5
69,10,0.000014198247377337358,5,5
69,50,0.0004463474814533958,5,5
69,50,0.0004463474814533958,5,5
69,50,0.0004463474814533958,5,5
69,50,0.0004463474814533958,5,5
69,30,0.000016248994956852043,5,5
69,30,0.000016248994956852043,5,5
69,50,0.0004463474814533958,5,5
69,40,0.00003584313039269814,5,5
69,60,0.0021138388561739566,5,5
31,10,0.000014198247377337358,5,5
69,40,0.000035873825292230463,5,5
69,60,0.0021138388561739566,5,5
31,20,0.000014307616069141785,5,5
31,0,0.000014195536772218728,5,5
69,60,0.0021138388561739566,5,5
69,60,0.0021138388561739566,5,5
31,30,0.000016141044280941435,5,5
69,30,0.000016140212734846982,5,5
31,0,0.000014290563716910623,5,5
31,0,0.000014182533896074651,5,5
31,10,0.000014053135901663754,5,5
31,20,0.000014403388193609108,5,5
31,20,0.00001140855133538981,5,5
69,40,0.00003611334199615762,5,5
31,30,0.000016248994956852043,5,5
31,30,1.6376844811127601e-7,5,5
69,60,0.0021138388561739566,5,5
31,30,0.000016140212734846982,5,5
69,30,0.000016248994956852043,5,5
69,40,0.00003611334199615762,5,5
69,40,0.00003611334199615762,5,5
69,40,0.00003611334199615762,5,5
69,0,0.000014290563716910623,5,5
69,40,0.00003611334199615762,5,5
69,10,0.000014293292344926728,5,5
69,10,0.000014293292344926728,5,5
69,20,0.000014403388193609108,5,5
69,20,0.000014403388193609108,5,5
69,30,0.000016248994956852043,5,5
69,30,0.000016248994956852043,5,5
69,30,0.000016126272901399003,5,5
69,30,0.000016248994956852043,5,5
69,20,0.000014403388193609108,5,5
69,60,0.0021138388561739566,5,5
69,50,0.0004463474814533958,5,5
70,10,0.000011761016913934393,5,5
30,0,0.00001175877170412027,5,5
30,10,0.000011761016913934393,5,5
30,20,0.000011851607598519944,5,5
30,20,0.000011652486598719166,5,5
70,0,0.00001175877170412027,5,5
70,0,0.00001175877170412027,5,5
70,10,0.000011761016913934393,5,5
70,20,0.000011851607598519944,5,5
70,40,0.00002951822826034926,5,5
70,30,0.000013370236885262014,5,5
70,50,0.00036727019585020205,5,5
70,60,0.0017393399603708426,5,5
70,0,0.00001175877170412027,5,5
70,10,0.000011761016913934393,5,5
70,0,0.00001175877170412027,5,5
70,10,0.000011761016913934393,5,5
70,10,0.000011761016913934393,5,5
70,10,0.000011761016913934393,5,5
70,10,0.000011682208195710215,5,5
70,20,0.000011851607598519944,5,5
70,20,0.000011851607598519944,5,5
70,20,0.000011851607598519944,5,5
70,40,0.00002971531091549118,5,5
70,50,0.00036532285837202755,5,5
70,20,0.000011772195941255209,5,5
70,40,0.00002971531091549118,5,5
70,40,0.00002971531091549118,5,5
70,30,0.000013370236885262014,5,5
70,40,0.00002971531091549118,5,5
70,40,0.00002971531091549118,5,5
70,30,0.000013370236885262014,5,5
70,30,0.000013280727098289014,5,5
70,10,0.000011682810616572862,5,5
70,30,0.000013370236885262014,5,5
70,20,0.000011851607598519944,5,5
70,20,0.00001177280297124711,5,5
70,50,0.00036727019585020205,5,5
70,40,0.000029519734880792754,5,5
70,50,0.0003653078375833162,5,5
70,0,0.00001168058023662415,5,5
70,60,0.0017393399603708426,5,5
70,60,0.0017393399603708426,5,5
70,60,0.0017393399603708426,5,5
70,30,0.000013281411323269904,5,5
30,20,0.00001177280297124711,5,5
30,10,0.000011682810616572862,5,5
30,0,0.00001168058023662415,5,5
70,60,0.0017393399603708426,5,5
70,60,0.0017393399603708426,5,5
70,60,0.0017393399603708426,5,5
70,60,0.0017393399603708426,5,5
70,30,0.000013370236885262014,5,5
70,50,0.00036727019585020205,5,5
70,50,0.00036727019585020205,5,5
70,50,0.00036727019585020205,5,5
70,30,0.000013370236885262014,5,5
70,50,0.00036727019585020205,5,5
70,20,0.000011851607598519944,5,5
70,30,0.000013370236885262014,5,5
70,40,0.00002971531091549118,5,5
70,40,0.00002971531091549118,5,5
70,0,0.00001175877170412027,5,5
70,10,0.000011761016913934393,5,5
70,20,0.000011851607598519944,5,5
70,0,0.00001167997793000072,5,5
70,10,0.000011761016913934393,5,5
70,60,0.001739221808477731,5,5
70,50,0.00036727019585020205,5,5
70,30,0.000013370236885262014,5,5
70,40,0.00002971531091549118,5,5
70,20,0.000011851607598519944,5,5
70,60,0.001739222717625938,5,5
30,0,0.00001175877170412027,5,5
30,0,0.00001175877170412027,5,5
30,0,1.1840458505462724e-7,5,5
30,10,0.000011761016913934393,5,5
30,10,0.000011761016913934393,5,5
30,10,0.000011761016913934393,5,5
30,0,0.000011669881018937312,5,5
30,0,0.00001167997793000072,5,5
30,10,0.000009315496821853192,5,5
30,10,1.1842734395202286e-7,5,5
30,0,0.00001175877170412027,5,5
30,20,0.000011851607598519944,5,5
30,10,0.000011682208195710215,5,5
30,10,0.000011672109369558489,5,5
30,20,0.000011851607598519944,5,5
30,10,0.00001156340785906829,5,5
30,20,0.000011851607598519944,5,5
30,0,0.000011561200123442384,5,5
30,20,0.000011772195941255209,5,5
30,20,0.000011762019848382373,5,5
30,20,1.19345678025344e-7,5,5
30,20,0.000009387351911726195,5,5
30,0,0.000009313715976844786,5,5
70,50,0.00036727019585020205,5,5
70,0,0.00001175877170412027,5,5
70,0,0.00001175877170412027,5,5
70,0,0.00001175877170412027,5,5
29,0,0.000009579252877207346,5,5
29,0,0.000009579252877207346,5,5
71,70,0.0014312646734752283,5,5
29,10,0.00000958108193156044,5,5
29,0,0.000009418301701329028,5,5
71,20,0.000009654881397848186,5,5
29,10,4.743929575911257e-12,5,5
71,20,0.000009590683412587903,5,5
29,10,9.647652865774609e-8,5,5
29,10,0.000009516880613617203,5,5
71,60,0.0014168525363175816,5,5
71,70,0.0014312646734752283,5,5
29,20,0.000009590188897179067,5,5
71,50,0.00029759708261112045,5,5
71,0,0.000009579252877207346,5,5
71,60,0.001416948788450929,5,5
71,60,0.001416948788450929,5,5
71,60,0.001416948788450929,5,5
71,60,0.001416948788450929,5,5
71,60,0.001416948788450929,5,5
71,50,0.00029919571268466723,5,5
71,50,0.00029919571268466723,5,5
71,50,0.00029919571268466723,5,5
71,50,0.00029919571268466723,5,5
71,50,0.00029919571268466723,5,5
71,40,0.000024207500982827086,5,5
71,40,0.000024207500982827086,5,5
71,40,0.000024207500982827086,5,5
71,40,0.000024207500982827086,5,5
71,30,0.000010892028808350174,5,5
71,30,0.000010892028808350174,5,5
71,0,0.000009579252877207346,5,5
71,20,0.000009654881397848186,5,5
71,30,0.000010892028808350174,5,5
71,30,0.000010892028808350174,5,5
71,30,0.000010892028808350174,5,5
71,20,0.000009654881397848186,5,5
71,20,0.000009590188897179067,5,5
71,40,0.00002404817547330633,5,5
71,30,0.000010892028808350174,5,5
71,20,0.000009654881397848186,5,5
71,20,0.000009654881397848186,5,5
71,20,0.000009654881397848186,5,5
71,10,0.00000958108193156044,5,5
71,10,0.00000958108193156044,5,5
71,10,0.00000958108193156044,5,5
71,0,0.000009579252877207346,5,5
71,10,0.00000958108193156044,5,5
71,10,0.00000958108193156044,5,5
71,10,0.00000958108193156044,5,5
71,10,0.00000958108193156044,5,5
71,0,0.000009579252877207346,5,5
71,0,0.000009579252877207346,5,5
29,10,0.00000958108193156044,5,5
71,0,0.000009515063733440208,5,5
71,0,0.000009579252877207346,5,5
71,10,0.00000958108193156044,5,5
71,10,0.000009516880613617203,5,5
71,0,0.000009579252877207346,5,5
71,10,0.000009517371374210827,5,5
71,20,0.000009654881397848186,5,5
71,20,0.000009654881397848186,5,5
71,30,0.000010892028808350174,5,5
71,50,0.00029919571268466723,5,5
71,30,0.000010892028808350174,5,5
71,40,0.000024207500982827086,5,5
71,50,0.00029919571268466723,5,5
71,60,0.001416948788450929,5,5
29,10,0.000009420100227431833,5,5
71,30,0.000010819109892499578,5,5
71,30,0.000010819667294605983,5,5
71,60,0.001416948788450929,5,5
71,50,0.00029919571268466723,5,5
29,10,0.00000958108193156044,5,5
29,0,4.743017844893319e-12,5,5
29,10,0.000009508653631079848,5,5
71,60,0.001416948788450929,5,5
29,10,0.000007588845330000379,5,5
29,20,0.000007647381892638647,5,5
71,70,0.0014312646734752283,5,5
71,0,0.000009579252877207346,5,5
29,20,0.000009492667991699206,5,5
29,20,0.00000958189896950772,5,5
29,20,0.000009654881397848186,5,5
29,0,0.000009515554400969166,5,5
71,70,0.0014312646734752283,5,5
29,20,0.000009654881397848186,5,5
29,0,0.000009506838311024585,5,5
71,70,0.0014312646734752283,5,5
29,20,9.722464712925368e-8,5,5
71,40,0.000024207500982827086,5,5
71,50,0.00029760931925769434,5,5
71,70,0.0014312646734752283,5,5
29,0,9.645798818099829e-8,5,5
71,70,0.0014312646686945115,5,5
71,70,0.0014312646687313006,5,5
71,40,0.00002404694810886884,5,5
29,0,0.000009579252877207346,5,5
29,20,0.000009654881397848186,5,5
29,20,4.78071844548599e-12,5,5
71,40,0.000024207500982827086,5,5
71,60,0.0014168532769528136,5,5
71,70,0.0014312646734752283,5,5
29,10,0.000009517371374210827,5,5
29,0,0.000009515063733440208,5,5
71,70,0.0014312646734752283,5,5
29,20,0.000009590683412587903,5,5
71,40,0.000024207500982827086,5,5
71,0,0.000009515554400969166,5,5
29,0,0.0000075873945692321595,5,5
72,30,0.000008726059928299811,5,5
72,0,0.000007726063928123924,5,5
72,0,0.000007726063928123924,5,5
72,10,0.000007727539136163755,5,5
72,20,0.000007787061460264556,5,5
72,30,0.000008784872052027296,5,5
72,30,0.000008784872052027296,5,5
72,60,0.0011428278450084182,5,5
72,40,0.000019524351484493835,5,5
28,20,0.000007787061460264556,5,5
72,40,0.000019524351484493835,5,5
72,50,0.00024131372590888807,5,5
72,50,0.00024131372590888807,5,5
72,60,0.0011427502136790262,5,5
72,70,0.0011543741988110806,5,5
28,0,3.825440204117597e-12,5,5
28,0,0.000007596250143052919,5,5
72,60,0.0011428278450084182,5,5
28,10,0.000006120717858877577,5,5
28,20,0.000006167930019457687,5,5
28,20,7.841570201129144e-8,5,5
28,20,0.00000772819811108524,5,5
72,70,0.0011543741988110806,5,5
72,60,0.0011427508110319932,5,5
28,20,0.000007734884280869992,5,5
28,10,0.000007727539136163755,5,5
28,10,0.000007727539136163755,5,5
28,10,0.000007727539136163755,5,5
28,20,0.000007735283128015076,5,5
28,10,0.000007676153934698776,5,5
72,50,0.00024003423394964446,5,5
28,0,0.000007674688470575325,5,5
72,20,0.000007735283128015076,5,5
72,30,0.000008726509496169378,5,5
72,40,0.000019395848866626093,5,5
72,10,0.000007676153934698776,5,5
28,10,3.8261755529198615e-12,5,5
72,0,0.000007674688470575325,5,5
72,20,0.000007787061460264556,5,5
72,70,0.0011543741949849064,5,5
28,0,0.00000766765858327847,5,5
28,10,7.781231349960168e-8,5,5
72,70,0.0011543741988110806,5,5
28,20,0.000007656229634236882,5,5
72,70,0.0011543741949552346,5,5
72,70,0.0011543741988110806,5,5
72,70,0.0011543741988110806,5,5
72,70,0.0011543741988110806,5,5
72,50,0.00024131372590888807,5,5
72,40,0.000019524351484493835,5,5
72,60,0.0011428278450084182,5,5
72,60,0.0011428278450084182,5,5
72,70,0.0011543741988110806,5,5
72,60,0.0011428278450084182,5,5
72,60,0.0011428278450084182,5,5
72,70,0.0011543741988110806,5,5
72,60,0.0011428278450084182,5,5
72,50,0.00024131372590888807,5,5
72,20,0.000007734884280869992,5,5
72,40,0.000019394858946406942,5,5
72,50,0.00024002436458771156,5,5
72,50,0.00024131372590888807,5,5
72,50,0.00024131372590888807,5,5
72,50,0.00024131372590888807,5,5
72,40,0.000019524351484493835,5,5
72,50,0.00024131372590888807,5,5
72,20,0.000007787061460264556,5,5
72,60,0.0011428278450084182,5,5
72,40,0.000019524351484493835,5,5
72,30,0.000008784872052027296,5,5
72,40,0.000019524351484493835,5,5
72,40,0.000019524351484493835,5,5
72,30,0.000008784872052027296,5,5
28,0,0.000007674292726904653,5,5
72,30,0.000008784872052027296,5,5
72,30,0.000008784872052027296,5,5
72,30,0.000008784872052027296,5,5
72,10,0.000007675758115967559,5,5
72,0,0.000007674292726904653,5,5
72,20,0.000007787061460264556,5,5
72,30,0.000008784872052027296,5,5
72,20,0.000007787061460264556,5,5
72,20,0.000007787061460264556,5,5
72,10,0.000007727539136163755,5,5
72,20,0.000007787061460264556,5,5
72,10,0.000007727539136163755,5,5
72,10,0.000007727539136163755,5,5
72,10,0.000007727539136163755,5,5
72,10,0.000007727539136163755,5,5
72,10,0.000007727539136163755,5,5
72,10,0.000007727539136163755,5,5
72,0,0.000007726063928123924,5,5
72,0,0.000007726063928123924,5,5
72,40,0.000019524351484493835,5,5
72,0,0.000007726063928123924,5,5
72,0,0.000007726063928123924,5,5
72,0,0.000007726063928123924,5,5
28,0,0.0000061195477602714165,5,5
72,0,0.000007726063928123924,5,5
28,20,3.855847298913132e-12,5,5
72,20,0.000007787061460264556,5,5
28,0,0.000007726063928123924,5,5
28,0,0.000007726063928123924,5,5
28,0,0.000007726063928123924,5,5
28,10,0.000007669122714038625,5,5
28,20,0.000007787061460264556,5,5
28,20,0.000007787061460264556,5,5
28,0,7.779735983771931e-8,5,5
28,10,0.000007675758115967559,5,5
28,10,0.000007597700728795346,5,5
73,60,0.0009125665231258557,5,5
27,0,0.000006122749427589411,5,5
27,20,0.000006176430234706387,5,5
73,50,0.00019269291415768472,5,5
73,10,0.000006170565017827306,5,5
27,20,0.000006218094556585308,5,5
73,70,0.0009217864703574382,5,5
73,0,0.0000061693870403413045,5,5
73,0,0.000006128046898603348,5,5
73,0,0.0000061693870403413045,5,5
73,60,0.0009125665231258557,5,5
73,0,0.0000061693870403413045,5,5
27,0,0.0000061693870403413045,5,5
27,0,0.0000061693870403413045,5,5
73,10,0.000006170565017827306,5,5
73,0,0.0000061693870403413045,5,5
73,0,0.0000061693870403413045,5,5
73,0,0.0000061693870403413045,5,5
73,60,0.0009125665231258557,5,5
73,10,0.000006129217035477421,5,5
73,0,0.0000061693870403413045,5,5
73,0,0.0000061693870403413045,5,5
73,20,0.000006218094556585308,5,5
73,10,0.000006170565017827306,5,5
73,10,0.000006170565017827306,5,5
73,10,0.000006170565017827306,5,5
73,50,0.00019166333828319148,5,5
73,30,0.000007014862456877683,5,5
73,30,0.000007014862456877683,5,5
73,50,0.00019269291415768472,5,5
73,20,0.000006218094556585308,5,5
73,20,0.000006218094556585308,5,5
73,20,0.000006218094556585308,5,5
73,40,0.000015590510529046838,5,5
73,20,0.000006218094556585308,5,5
73,30,0.000007014862456877683,5,5
73,30,0.000006967900024607543,5,5
73,30,0.000007014862456877683,5,5
73,30,0.000007014862456877683,5,5
73,20,0.000006218094556585308,5,5
73,30,0.000007014862456877683,5,5
73,20,0.000006218094556585308,5,5
73,30,0.000007014862456877683,5,5
73,20,0.000006176430234706387,5,5
73,50,0.00019269291415768472,5,5
73,40,0.000015590510529046838,5,5
73,10,0.000006170565017827306,5,5
73,40,0.000015590510529046838,5,5
73,10,0.000006170565017827306,5,5
73,40,0.000015590510529046838,5,5
73,30,0.000007014862456877683,5,5
73,40,0.000015590510529046838,5,5
73,40,0.000015487108642429498,5,5
73,40,0.000015590510529046838,5,5
73,40,0.000015590510529046838,5,5
73,40,0.000015590510529046838,5,5
73,50,0.00019269291415768472,5,5
73,50,0.00019269291415768472,5,5
73,50,0.00019269291415768472,5,5
73,70,0.0009217864734363936,5,5
73,70,0.0009217864734363936,5,5
73,10,0.000006170565017827306,5,5
73,50,0.00019269291415768472,5,5
73,60,0.0009125665231258557,5,5
73,20,0.000006218094556585308,5,5
73,50,0.00019269291415768472,5,5
73,60,0.0009125665231258557,5,5
73,60,0.0009125665231258557,5,5
73,60,0.0009125665231258557,5,5
73,70,0.0009217864734363936,5,5
73,70,0.0009217864734363936,5,5
73,60,0.0009125665231258557,5,5
73,60,0.0009125045332534018,5,5
73,70,0.0009217864734363936,5,5
73,70,0.0009217864734363936,5,5
27,10,0.0000060668869489931385,5,5
27,10,0.000004887492232453532,5,5
73,70,0.0009217864734363936,5,5
73,70,0.0009217864734363936,5,5
27,0,3.0546758916884433e-12,5,5
27,10,0.000006123918559688393,5,5
27,0,0.000004886557889786426,5,5
27,0,6.212245045093025e-8,5,5
27,0,0.000006065728632809968,5,5
27,10,0.000006170565017827306,5,5
27,0,0.0000061693870403413045,5,5
27,10,3.0552630796036642e-12,5,5
27,10,6.213439119186651e-8,5,5
27,10,0.000006170565017827306,5,5
27,0,0.000006128046898603348,5,5
27,20,0.000006218094556585308,5,5
27,20,3.078956448814452e-12,5,5
27,10,0.000006170565017827306,5,5
27,20,0.000006218094556585308,5,5
27,20,6.26162066801851e-8,5,5
27,10,0.000006129217035477421,5,5
27,20,0.00000611362322687999,5,5
27,20,0.000004925191906484054,5,5
27,20,0.000006176748720604373,5,5
27,10,0.00000612953310313793,5,5
27,20,0.000006171091219963123,5,5
73,0,0.000006128362906326818,5,5
73,30,0.000006968259011824562,5,5
73,40,0.00001548789910973955,5,5
73,70,0.0009217864703811317,5,5
73,50,0.00019167121912836332,5,5
27,0,0.000006128362906326818,5,5
73,60,0.0009125050102494101,5,5
73,20,0.000006176748720604373,5,5
73,10,0.00000612953310313793,5,5
74,0,0.000004877337557225567,5,5
74,70,0.0007287375135218499,5,5
26,10,0.000003863908889184365,5,5
26,10,0.000004796303972870634,5,5
26,20,0.000004882905701382315,5,5
26,10,0.000004841391501821904,5,5
26,10,0.0000048455803223308056,5,5
26,0,0.000004877337557225567,5,5
74,70,0.0007287375159372508,5,5
74,70,0.0007287375159372508,5,5
74,30,0.000005545745776035483,5,5
74,50,0.00015233740095847747,5,5
74,40,0.000012325403162812977,5,5
74,30,0.000005545745776035483,5,5
74,0,0.000004877337557225567,5,5
74,10,0.000004878268831888067,5,5
74,10,0.000004878268831888067,5,5
74,0,0.000004844655246227542,5,5
74,0,0.000004877337557225567,5,5
26,0,0.000004877337557225567,5,5
74,10,0.000004878268831888067,5,5
74,10,0.000004878268831888067,5,5
74,10,0.000004878268831888067,5,5
74,10,0.000004878268831888067,5,5
74,10,0.000004878268831888067,5,5
26,0,0.000004877337557225567,5,5
74,20,0.000004915844299749957,5,5
74,10,0.000004878268831888067,5,5
26,0,4.9112198464767554e-8,5,5
74,10,0.0000048455803223308056,5,5
74,20,0.000004915844299749957,5,5
74,20,0.000004915844299749957,5,5
74,20,0.000004915844299749957,5,5
74,20,0.000004915844299749957,5,5
74,20,0.000004915844299749957,5,5
74,20,0.000004915844299749957,5,5
26,0,2.4149377165448895e-12,5,5
74,40,0.000012325403162812977,5,5
74,30,0.000005508618646031785,5,5
74,20,0.000004915844299749957,5,5
74,30,0.000005545745776035483,5,5
74,40,0.000012325403162812977,5,5
74,30,0.000005545745776035483,5,5
74,40,0.000012325403162812977,5,5
74,40,0.000012325403162812977,5,5
74,60,0.0007214484919821495,5,5
74,40,0.000012325403162812977,5,5
74,40,0.000012325403162812977,5,5
74,50,0.00015233740095847747,5,5
74,40,0.000012325403162812977,5,5
74,40,0.000012243656645405522,5,5
74,60,0.0007214484919821495,5,5
74,50,0.00015233740095847747,5,5
74,30,0.000005545745776035483,5,5
74,50,0.00015233740095847747,5,5
74,50,0.00015233740095847747,5,5
74,50,0.00015233740095847747,5,5
74,70,0.0007287375159372508,5,5
74,60,0.0007214484919821495,5,5
74,50,0.00015152344828411237,5,5
74,60,0.0007214484919821495,5,5
74,50,0.00015233740095847747,5,5
74,60,0.0007214484919821495,5,5
74,70,0.0007287375159372508,5,5
74,60,0.0007214484919821495,5,5
74,60,0.0007214484919821495,5,5
74,60,0.0007214484919821495,5,5
74,50,0.00015233740095847747,5,5
74,70,0.0007287375159372508,5,5
74,70,0.0007287375159372508,5,5
74,70,0.0007287375135031184,5,5
74,70,0.0007287375159372508,5,5
74,70,0.0007287375159372508,5,5
74,60,0.0007213994845959845,5,5
26,0,0.000004795388241861019,5,5
26,10,2.4154019301941913e-12,5,5
74,30,0.000005545745776035483,5,5
26,0,0.000003863170225107759,5,5
26,10,0.000004878268831888067,5,5
26,10,0.000004878268831888067,5,5
26,10,0.000004878268831888067,5,5
26,20,0.000004915844299749957,5,5
26,20,0.000004915844299749957,5,5
26,0,0.000004844655246227542,5,5
26,20,0.000004915844299749957,5,5
26,20,0.000003893713152532073,5,5
26,20,0.000004833252311811274,5,5
26,20,4.950254774668314e-8,5,5
26,20,2.4341332172334608e-12,5,5
26,20,0.0000048786848319579165,5,5
26,10,4.912163846648029e-8,5,5
74,30,0.000005545745776035483,5,5
74,10,0.000004845830196209879,5,5
74,50,0.0001515296786505801,5,5
74,60,0.0007213998616951244,5,5
74,40,0.000012244281565818826,5,5
74,20,0.000004883157487049438,5,5
26,20,0.000004883157487049438,5,5
26,0,0.000004844905072722123,5,5
74,0,0.000004877337557225567,5,5
74,0,0.000004877337557225567,5,5
26,0,0.000004840467220064539,5,5
74,20,0.000004882905701382315,5,5
74,30,0.000005508902450861148,5,5
74,30,0.000005545745776035483,5,5
74,0,0.000004844905072722123,5,5
74,0,0.000004877337557225567,5,5
74,0,0.000004877337557225567,5,5
26,10,0.000004845830196209879,5,5
74,0,0.000004877337557225567,5,5
75,60,0.0005646810703187304,5,5
25,20,0.000003822069942576349,5,5
75,30,0.000004311843418907238,5,5
75,70,0.0005703862211789197,5,5
75,40,0.00000958365579346387,5,5
75,20,0.000003822069942576349,5,5
75,0,0.00000379212960102086,5,5
75,10,0.000003792853699452083,5,5
75,50,0.0001186029800829915,5,5
75,60,0.0005646430071682318,5,5
25,0,0.00000379212960102086,5,5
25,10,3.844773354346137e-8,5,5
25,10,0.0000030242993524930246,5,5
25,20,1.9052073234353287e-12,5,5
25,20,0.000003818569174756719,5,5
25,20,0.000003821872868770552,5,5
25,20,3.874587299822455e-8,5,5
25,20,0.0000037830089311789725,5,5
25,20,0.000003047627287216416,5,5
25,10,0.0000037540892954580958,5,5
25,20,0.000003847654062005763,5,5
25,20,0.000003847654062005763,5,5
25,10,0.0000037893795128321513,5,5
25,20,0.000003847654062005763,5,5
25,10,0.000003792658122011638,5,5
75,60,0.0005646810703187304,5,5
25,0,0.000003817514656594514,5,5
25,10,1.8905462584648802e-12,5,5
25,0,0.0000037919340606684623,5,5
25,10,0.000003818243569578657,5,5
25,10,0.000003818243569578657,5,5
25,10,0.000003818243569578657,5,5
25,0,0.000003817514656594514,5,5
25,0,0.0000037533725485629397,5,5
25,0,0.0000037886560732271904,5,5
25,0,1.8901829162952492e-12,5,5
25,0,0.0000030237211967050073,5,5
25,0,3.8440344810474326e-8,5,5
25,0,0.000003817514656594514,5,5
75,60,0.0005646810703187304,5,5
75,60,0.0005646810703187304,5,5
75,60,0.0005646427120109915,5,5
75,50,0.00011923518806791732,5,5
75,60,0.0005646810703187304,5,5
75,60,0.0005646810703187304,5,5
75,60,0.0005646810703187304,5,5
75,60,0.0005646810703187304,5,5
75,50,0.00011923518806791732,5,5
75,50,0.00011923518806791732,5,5
75,50,0.00011859810354635087,5,5
75,50,0.00011923518806791732,5,5
75,50,0.00011923518806791732,5,5
75,50,0.00011923518806791732,5,5
75,20,0.000003847654062005763,5,5
75,40,0.000009647150042499935,5,5
75,50,0.00011923518806791732,5,5
75,50,0.00011923518806791732,5,5
75,40,0.000009647150042499935,5,5
75,40,0.000009583166665367,5,5
75,40,0.000009647150042499935,5,5
75,20,0.000003847654062005763,5,5
75,20,0.000003821872868770552,5,5
75,40,0.000009647150042499935,5,5
75,40,0.000009647150042499935,5,5
75,40,0.000009647150042499935,5,5
75,40,0.000009647150042499935,5,5
75,40,0.000009647150042499935,5,5
75,10,0.000003818243569578657,5,5
75,20,0.000003847654062005763,5,5
75,20,0.000003847654062005763,5,5
75,20,0.000003847654062005763,5,5
75,20,0.000003847654062005763,5,5
75,20,0.000003847654062005763,5,5
75,10,0.000003818243569578657,5,5
75,10,0.000003792658122011638,5,5
75,20,0.000003847654062005763,5,5
75,10,0.000003818243569578657,5,5
75,10,0.000003818243569578657,5,5
75,10,0.000003818243569578657,5,5
75,0,0.000003817514656594514,5,5
75,10,0.000003818243569578657,5,5
75,10,0.000003818243569578657,5,5
75,0,0.000003817514656594514,5,5
75,10,0.000003818243569578657,5,5
75,0,0.0000037919340606684623,5,5
75,0,0.000003817514656594514,5,5
75,0,0.000003817514656594514,5,5
75,0,0.000003817514656594514,5,5
75,0,0.000003817514656594514,5,5
75,0,0.000003817514656594514,5,5
75,0,0.000003817514656594514,5,5
75,70,0.0005703862211642585,5,5
75,30,0.000004340680859867686,5,5
75,30,0.000004340680859867686,5,5
75,30,0.000004311621283555114,5,5
75,30,0.000004340680859867686,5,5
75,30,0.000004340680859867686,5,5
75,30,0.000004340680859867686,5,5
75,30,0.000004340680859867686,5,5
75,30,0.000004340680859867686,5,5
75,30,0.000004340680859867686,5,5
75,70,0.0005703862230694652,5,5
75,70,0.0005703862230694652,5,5
75,70,0.0005703862230694652,5,5
75,70,0.0005703862230694652,5,5
75,70,0.0005703862230694652,5,5
75,70,0.0005703862230694652,5,5
75,70,0.0005703862230694652,5,5
75,70,0.0005703862230694652,5,5
25,10,0.000003792853699452083,5,5
76,40,0.0000074757375973083625,5,5
76,0,0.0000029582558290120493,5,5
76,0,0.0000029582558290120493,5,5
76,40,0.0000074757375973083625,5,5
24,20,0.0000029816113573495053,5,5
24,20,0.0000029816113573495053,5,5
24,10,1.4650158525153494e-12,5,5
24,10,0.0000029588206758504178,5,5
76,50,0.00009239733749704114,5,5
24,20,0.0000029816113573495053,5,5
24,20,1.4763769564821494e-12,5,5
24,20,0.0000029590729927378665,5,5
76,40,0.0000074757375973083625,5,5
24,20,0.0000029315167664210354,5,5
24,20,0.0000029616330803741585,5,5
76,50,0.00009239733749704114,5,5
76,10,0.0000029588206758504178,5,5
76,10,0.0000029588206758504178,5,5
76,10,0.0000029588206758504178,5,5
76,10,0.0000029588206758504178,5,5
76,30,0.0000033411473018279044,5,5
76,20,0.0000029816113573495053,5,5
76,20,0.0000029816113573495053,5,5
76,20,0.0000029816113573495053,5,5
76,50,0.00009239733749704114,5,5
76,10,0.0000029389940854607078,5,5
76,20,0.0000029616330803741585,5,5
76,30,0.0000033636660525723996,5,5
76,30,0.0000033636660525723996,5,5
76,30,0.0000033636660525723996,5,5
76,40,0.0000074757375973083625,5,5
76,0,0.0000029582558290120493,5,5
76,60,0.0004375510625035194,5,5
76,60,0.0004375807869964598,5,5
76,60,0.0004375807869964598,5,5
76,60,0.0004375807869964598,5,5
76,60,0.0004375807869964598,5,5
76,60,0.0004375807869964598,5,5
76,70,0.0004420018050929092,5,5
76,70,0.0004420018050929092,5,5
76,70,0.0004420018036165328,5,5
76,20,0.000002961785796155799,5,5
76,50,0.00009190742897676237,5,5
76,30,0.0000033413194382201177,5,5
76,40,0.000007426155810363178,5,5
76,0,0.0000029582558290120493,5,5
76,0,0.0000029582558290120493,5,5
76,0,0.0000029582558290120493,5,5
24,20,0.000002961785796155799,5,5
24,10,0.00000293914564168387,5,5
76,40,0.0000074757375973083625,5,5
24,0,0.0000029385845257229233,5,5
76,10,0.00000293914564168387,5,5
76,40,0.0000074757375973083625,5,5
76,40,0.0000074757375973083625,5,5
76,40,0.0000074757375973083625,5,5
76,30,0.0000033636660525723996,5,5
76,70,0.0004420018050929092,5,5
76,70,0.0004420018050929092,5,5
76,70,0.0004420018050929092,5,5
76,70,0.0004420018050929092,5,5
76,70,0.0004420018050929092,5,5
76,50,0.00009239733749704114,5,5
76,60,0.0004375807869964598,5,5
76,70,0.0004420018050929092,5,5
76,60,0.0004375807869964598,5,5
76,30,0.0000033636660525723996,5,5
76,50,0.00009190365006712099,5,5
76,60,0.0004375807869964598,5,5
76,50,0.00009239733749704114,5,5
76,50,0.00009239733749704114,5,5
76,50,0.00009239733749704114,5,5
76,50,0.00009239733749704114,5,5
76,30,0.0000033636660525723996,5,5
76,30,0.0000033636660525723996,5,5
76,30,0.0000033636660525723996,5,5
76,20,0.0000029816113573495053,5,5
76,20,0.0000029816113573495053,5,5
76,20,0.0000029816113573495053,5,5
76,20,0.0000029816113573495053,5,5
76,20,0.0000029816113573495053,5,5
76,10,0.0000029588206758504178,5,5
76,10,0.0000029588206758504178,5,5
76,10,0.0000029588206758504178,5,5
76,10,0.0000029588206758504178,5,5
24,0,0.000002908551038843989,5,5
24,10,0.0000023435800495841277,5,5
24,10,0.0000029091064579769266,5,5
24,20,3.002482372900904e-8,5,5
24,20,0.000002361657255589094,5,5
24,0,0.000002343132027013451,5,5
24,10,0.0000029364534364812585,5,5
24,10,0.0000029389940854607078,5,5
24,10,2.9793790488995642e-8,5,5
24,10,0.0000029588206758504178,5,5
24,10,0.0000029588206758504178,5,5
24,0,0.00000293589283105579,5,5
24,0,0.000002938432998239908,5,5
76,0,0.0000029582558290120493,5,5
76,0,0.0000029582558290120493,5,5
76,0,0.000002938432998239908,5,5
24,0,2.9788064836471908e-8,5,5
24,0,0.0000029582558290120493,5,5
76,0,0.0000029385845257229233,5,5
24,0,0.0000029582558290120493,5,5
24,0,0.0000029582558290120493,5,5
24,0,1.464734292603227e-12,5,5
76,40,0.000007426534843889899,5,5
76,70,0.0004420018036278939,5,5
76,60,0.00043755129122579164,5,5
77,50,0.00007088776617623087,5,5
23,20,2.3035216615983946e-8,5,5
77,10,0.0000022700241577177157,5,5
77,10,0.0000022700241577177157,5,5
77,10,0.0000022700241577177157,5,5
77,10,0.0000022700241577177157,5,5
77,10,0.0000022548130840905923,5,5
77,10,0.0000022700241577177157,5,5
23,0,0.0000017976643023538068,5,5
23,10,1.12396854726365e-12,5,5
77,10,0.0000022700241577177157,5,5
77,10,0.0000022700241577177157,5,5
77,10,0.0000022700241577177157,5,5
23,0,0.0000022524337839607074,5,5
23,0,0.000002254382614763353,5,5
23,0,0.000002231457004481415,5,5
23,0,0.000002269590803990355,5,5
23,10,2.285796659189606e-8,5,5
23,0,2.285357383850848e-8,5,5
23,0,1.1237525328875318e-12,5,5
23,0,0.000002269590803990355,5,5
23,10,0.0000017980080278343243,5,5
23,0,0.000002269590803990355,5,5
23,10,0.0000022548130840905923,5,5
23,10,0.000002252863883651815,5,5
23,10,0.000002231883125219208,5,5
23,10,0.0000022700241577177157,5,5
23,10,0.0000022700241577177157,5,5
23,10,0.0000022700241577177157,5,5
77,70,0.0003391063147236387,5,5
77,70,0.00033910631359095425,5,5
77,70,0.0003391063147236387,5,5
77,70,0.0003391063147236387,5,5
77,70,0.0003391063147236387,5,5
77,70,0.0003391063147236387,5,5
77,70,0.0003391063147236387,5,5
77,70,0.0003391063147236387,5,5
77,70,0.0003391063147236387,5,5
77,40,0.000005697680038996299,5,5
23,20,0.0000022702177366779396,5,5
23,20,0.0000022875092990093246,5,5
23,20,0.0000022875092990093246,5,5
23,20,0.0000022721818505654983,5,5
23,20,0.0000022875092990093246,5,5
77,20,0.0000022875092990093246,5,5
77,20,0.0000022875092990093246,5,5
23,20,1.1326848512537747e-12,5,5
23,0,0.000002254498867515606,5,5
77,60,0.00033569185501167566,5,5
77,60,0.0003357144843357546,5,5
77,30,0.000002580623847925413,5,5
77,60,0.0003357144843357546,5,5
77,30,0.000002580623847925413,5,5
77,30,0.000002580623847925413,5,5
77,60,0.0003357144843357546,5,5
77,30,0.000002580623847925413,5,5
77,0,0.000002269590803990355,5,5
77,0,0.000002269590803990355,5,5
77,0,0.000002269590803990355,5,5
77,0,0.000002269590803990355,5,5
77,60,0.0003357144843357546,5,5
77,40,0.000005735428673037454,5,5
77,40,0.000005735428673037454,5,5
77,40,0.000005735428673037454,5,5
77,50,0.00007088776617623087,5,5
77,50,0.00007051190555541602,5,5
77,50,0.00007088776617623087,5,5
77,40,0.000005697389242305139,5,5
77,50,0.00007088776617623087,5,5
77,60,0.0003357144843357546,5,5
77,30,0.000002563479397490515,5,5
77,20,0.000002272299014987266,5,5
77,60,0.0003356916795346393,5,5
23,10,0.0000022549293588924544,5,5
77,60,0.0003357144843357546,5,5
77,50,0.00007088776617623087,5,5
77,30,0.0000025633473334651678,5,5
77,50,0.00007050900635430994,5,5
77,40,0.000005735428673037454,5,5
77,60,0.0003357144843357546,5,5
77,50,0.00007088776617623087,5,5
77,50,0.00007088776617623087,5,5
77,40,0.000005735428673037454,5,5
77,0,0.000002254382614763353,5,5
77,40,0.000005735428673037454,5,5
77,40,0.000005735428673037454,5,5
77,40,0.000005735428673037454,5,5
77,0,0.000002269590803990355,5,5
77,0,0.000002269590803990355,5,5
77,0,0.000002269590803990355,5,5
77,0,0.000002269590803990355,5,5
77,30,0.000002580623847925413,5,5
77,20,0.0000022875092990093246,5,5
77,30,0.000002580623847925413,5,5
77,30,0.000002580623847925413,5,5
77,30,0.000002580623847925413,5,5
77,20,0.0000022875092990093246,5,5
77,20,0.0000022721818505654983,5,5
77,20,0.0000022875092990093246,5,5
77,20,0.0000022875092990093246,5,5
77,20,0.0000022875092990093246,5,5
77,20,0.0000022875092990093246,5,5
23,20,0.0000022490764421259255,5,5
23,20,0.0000018118769637486468,5,5
23,20,0.000002272299014987266,5,5
77,70,0.0003391063135996706,5,5
77,10,0.0000022549293588924544,5,5
77,0,0.000002254498867515606,5,5
77,60,0.0003357144843357546,5,5
77,50,0.00007088776617623087,5,5
78,30,0.000001960169806196015,5,5
78,10,0.0000017127813679468494,5,5
22,0,0.0000017124543787192561,5,5
22,10,0.0000017112124906362744,5,5
22,10,0.0000017126930488545433,5,5
22,10,0.000001695276092457303,5,5
22,10,0.000001724246955584379,5,5
22,10,0.000001724246955584379,5,5
22,10,0.0000013657166852473376,5,5
22,10,8.537351196034931e-13,5,5
22,10,1.7362273072261934e-8,5,5
22,10,0.000001724246955584379,5,5
78,0,0.000001723917792195267,5,5
78,0,0.0000017124543787192561,5,5
78,60,0.0002549820249642403,5,5
78,0,0.000001723917792195267,5,5
78,20,0.0000017375281806046147,5,5
78,60,0.0002549993468543027,5,5
78,60,0.0002549993468543027,5,5
78,60,0.0002549993468543027,5,5
78,60,0.0002549993468543027,5,5
78,60,0.0002549993468543027,5,5
78,60,0.0002549993468543027,5,5
78,60,0.0002549993468543027,5,5
78,30,0.000001960169806196015,5,5
78,20,0.0000017375281806046147,5,5
78,20,0.0000017375281806046147,5,5
78,20,0.0000017258858788139992,5,5
78,60,0.0002549993468543027,5,5
78,20,0.0000017375281806046147,5,5
78,20,0.0000017375281806046147,5,5
78,20,0.0000017375281806046147,5,5
78,20,0.0000017375281806046147,5,5
78,20,0.0000017375281806046147,5,5
78,0,0.000001723917792195267,5,5
78,0,0.0000017123660763752145,5,5
78,30,0.000001960169806196015,5,5
78,0,0.000001723917792195267,5,5
78,50,0.00005355887428467504,5,5
78,0,0.000001723917792195267,5,5
78,0,0.000001723917792195267,5,5
78,30,0.0000019470470482905943,5,5
78,0,0.000001723917792195267,5,5
78,0,0.000001723917792195267,5,5
78,30,0.000001960169806196015,5,5
78,40,0.000004356471447598523,5,5
78,40,0.00000432757775833563,5,5
78,30,0.000001960169806196015,5,5
78,30,0.000001960169806196015,5,5
22,0,0.000001723917792195267,5,5
22,0,0.000001723917792195267,5,5
22,0,0.0000016949524230450719,5,5
22,0,1.7358936459464356e-8,5,5
78,30,0.000001960169806196015,5,5
78,30,0.000001960169806196015,5,5
22,20,0.0000017375281806046147,5,5
22,0,0.0000017123660763752145,5,5
22,20,0.0000017375281806046147,5,5
22,20,0.0000013762511416521944,5,5
78,50,0.000053844367515643835,5,5
22,20,0.0000017258858788139992,5,5
22,20,1.7496907240524734e-8,5,5
78,50,0.000053844367515643835,5,5
22,20,0.0000017243939927565122,5,5
78,70,0.0002575756864938093,5,5
78,50,0.000053844367515643835,5,5
78,50,0.000053844367515643835,5,5
78,50,0.000053844367515643835,5,5
78,70,0.0002575756864938093,5,5
78,70,0.0002575756864938093,5,5
78,10,0.000001724246955584379,5,5
78,70,0.0002575756864938093,5,5
78,70,0.0002575756864938093,5,5
78,50,0.000053844367515643835,5,5
78,10,0.000001724246955584379,5,5
78,10,0.000001724246955584379,5,5
78,10,0.000001724246955584379,5,5
78,30,0.000001947147360436116,5,5
78,70,0.00025757568563345383,5,5
22,20,0.000001725974873636741,5,5
78,10,0.000001724246955584379,5,5
78,40,0.000004356471447598523,5,5
78,40,0.000004356471447598523,5,5
78,40,0.000004356471447598523,5,5
78,40,0.000004356471447598523,5,5
78,40,0.000004356471447598523,5,5
78,40,0.000004356471447598523,5,5
78,10,0.000001724246955584379,5,5
22,10,0.0000017127813679468494,5,5
78,10,0.000001724246955584379,5,5
78,70,0.0002575756856400745,5,5
78,10,0.000001724246955584379,5,5
78,10,0.0000017126930488545433,5,5
78,40,0.000004327798639381193,5,5
78,20,0.000001725974873636741,5,5
78,60,0.00025498215825169756,5,5
78,70,0.0002575756864938093,5,5
78,70,0.0002575756864938093,5,5
78,70,0.0002575756864938093,5,5
78,50,0.00005355667213248059,5,5
78,50,0.000053844367515643835,5,5
22,20,0.0000017083356558245098,5,5
78,50,0.000053844367515643835,5,5
22,20,8.603557806955014e-13,5,5
22,20,0.0000017375281806046147,5,5
22,0,8.535710411159883e-13,5,5
22,0,0.0000017108857989222282,5,5
22,0,0.000001365455600971491,5,5
78,40,0.000004356471447598523,5,5
22,0,0.000001723917792195267,5,5
21,0,6.41897591133974e-13,5,5
21,20,0.0000012967688649196838,5,5
21,10,0.0000012868561874143134,5,5
79,0,0.000001287790104956642,5,5
79,70,0.00019370058815361,5,5
79,0,0.0000012964107553090784,5,5
79,0,0.0000012964107553090784,5,5
79,0,0.000001287723700335115,5,5
79,0,0.0000012964107553090784,5,5
79,0,0.0000012964107553090784,5,5
79,30,0.000001474075637764975,5,5
79,0,0.0000012964107553090784,5,5
79,0,0.0000012964107553090784,5,5
79,0,0.0000012964107553090784,5,5
79,70,0.00019370058750661009,5,5
79,0,0.0000012964107553090784,5,5
79,70,0.00019370058815361,5,5
79,10,0.0000012966582908701283,5,5
79,70,0.00019370058815361,5,5
79,70,0.00019370058815361,5,5
79,70,0.00019370058815361,5,5
79,70,0.00019370058815361,5,5
79,70,0.00019370058815361,5,5
79,70,0.00019370058815361,5,5
79,10,0.0000012879695883007774,5,5
79,60,0.00019176314401729024,5,5
79,30,0.000001474075637764975,5,5
79,10,0.0000012966582908701283,5,5
79,60,0.00019175011770902878,5,5
79,10,0.0000012966582908701283,5,5
79,10,0.0000012966582908701283,5,5
79,10,0.0000012966582908701283,5,5
79,10,0.0000012966582908701283,5,5
79,10,0.0000012966582908701283,5,5
79,10,0.0000012966582908701283,5,5
79,30,0.000001474075637764975,5,5
79,60,0.00019176314401729024,5,5
79,60,0.00019176314401729024,5,5
79,60,0.00019176314401729024,5,5
79,60,0.00019176314401729024,5,5
79,60,0.00019176314401729024,5,5
79,60,0.00019176314401729024,5,5
79,30,0.000001474075637764975,5,5
79,30,0.0000014642071367465794,5,5
79,30,0.000001474075637764975,5,5
79,60,0.00019176314401729024,5,5
79,30,0.000001474075637764975,5,5
79,30,0.000001474075637764975,5,5
79,30,0.000001474075637764975,5,5
79,50,0.00004049173195852064,5,5
79,40,0.0000032761286329504662,5,5
79,50,0.000040275380929095596,5,5
79,50,0.00004049173195852064,5,5
79,40,0.0000032761286329504662,5,5
79,50,0.00004049173195852064,5,5
79,50,0.00004049173195852064,5,5
79,50,0.00004049173195852064,5,5
79,40,0.0000032761286329504662,5,5
79,50,0.00004049173195852064,5,5
79,50,0.00004049173195852064,5,5
79,50,0.00004049173195852064,5,5
79,40,0.0000032761286329504662,5,5
79,40,0.000003254400166726295,5,5
79,40,0.0000032761286329504662,5,5
79,40,0.0000032761286329504662,5,5
79,40,0.0000032761286329504662,5,5
79,40,0.0000032761286329504662,5,5
79,20,0.0000013066459614179147,5,5
79,20,0.0000012978907845027254,5,5
21,0,0.000001287723700335115,5,5
21,0,0.0000012964107553090784,5,5
21,20,0.0000013066459614179147,5,5
79,60,0.00019175021794309638,5,5
79,20,0.0000013066459614179147,5,5
79,20,0.0000013066459614179147,5,5
79,20,0.0000013066459614179147,5,5
79,20,0.0000013066459614179147,5,5
79,20,0.0000013066459614179147,5,5
79,20,0.0000013066459614179147,5,5
79,10,0.000001288036005517238,5,5
79,20,0.0000013066459614179147,5,5
21,10,0.0000012966582908701283,5,5
21,20,0.0000012846927666246957,5,5
21,20,0.0000013066459614179147,5,5
21,20,0.0000012978907845027254,5,5
79,50,0.000040277036978939016,5,5
21,0,0.000001287790104956642,5,5
21,20,0.000001034960477884676,5,5
21,20,1.3157923674757437e-8,5,5
21,20,0.0000013066459614179147,5,5
21,20,6.469998120186784e-13,5,5
79,70,0.00019370058751158893,5,5
21,10,0.0000010270384164926347,5,5
21,10,0.0000012748717887999214,5,5
79,40,0.000003254566272421356,5,5
79,30,0.0000014642825729100297,5,5
21,10,6.420209804956241e-13,5,5
21,10,0.0000012966582908701283,5,5
21,20,0.000001297957709878109,5,5
79,20,0.000001297957709878109,5,5
21,10,1.3056676860925482e-8,5,5
21,0,0.000001274628384787804,5,5
21,0,0.0000012964107553090784,5,5
21,0,0.0000012866105105881415,5,5
21,10,0.000001288036005517238,5,5
21,0,0.000001026842077395274,5,5
21,0,0.0000012964107553090784,5,5
21,10,0.0000012966582908701283,5,5
21,0,1.3054167680536102e-8,5,5
21,10,0.0000012879695883007774,5,5
80,0,9.65218685134413e-7,5,5
80,50,0.000030147371209135443,5,5
80,50,0.000030147371209135443,5,5
80,50,0.000030147371209135443,5,5
80,30,0.0000010974957921673274,5,5
80,30,0.0000010974957921673274,5,5
80,30,0.0000010974957921673274,5,5
80,30,0.0000010974957921673274,5,5
80,30,0.0000010974957921673274,5,5
80,50,0.000030147371209135443,5,5
80,30,0.0000010974957921673274,5,5
80,30,0.0000010974957921673274,5,5
80,30,0.0000010974957921673274,5,5
80,30,0.0000010974957921673274,5,5
80,50,0.000030147371209135443,5,5
80,50,0.000030147371209135443,5,5
80,50,0.000030147371209135443,5,5
80,60,0.00014276408343522726,5,5
80,70,0.00014421619555509996,5,5
80,60,0.0001427737073050434,5,5
80,50,0.000030147371209135443,5,5
80,50,0.000030147371209135443,5,5
80,60,0.0001427737073050434,5,5
80,60,0.0001427737073050434,5,5
80,60,0.0001427737073050434,5,5
80,60,0.0001427737073050434,5,5
80,60,0.0001427737073050434,5,5
80,60,0.0001427737073050434,5,5
80,60,0.0001427737073050434,5,5
80,60,0.0001427737073050434,5,5
80,10,9.654029831647896e-7,5,5
80,10,9.654029831647896e-7,5,5
80,10,9.654029831647896e-7,5,5
80,10,9.654029831647896e-7,5,5
80,10,9.654029831647896e-7,5,5
80,10,9.654029831647896e-7,5,5
20,10,9.654029831647896e-7,5,5
80,10,9.654029831647896e-7,5,5
80,10,9.654029831647896e-7,5,5
80,10,9.654029831647896e-7,5,5
20,10,9.589339701338761e-7,5,5
20,10,7.646624851652139e-7,5,5
20,10,9.654029831647896e-7,5,5
20,10,9.491822454119084e-7,5,5
20,10,9.581050080666754e-7,5,5
20,10,4.780048638789244e-13,5,5
20,10,9.721107619878357e-9,5,5
20,10,9.654029831647896e-7,5,5
80,40,0.000002439181068560118,5,5
80,0,9.65218685134413e-7,5,5
80,40,0.0000024231272112521167,5,5
80,40,0.000002439181068560118,5,5
80,40,0.000002439181068560118,5,5
80,40,0.000002439181068560118,5,5
80,40,0.000002439181068560118,5,5
80,40,0.000002439181068560118,5,5
80,20,9.728391188140917e-7,5,5
80,40,0.000002439181068560118,5,5
80,40,0.000002439181068560118,5,5
80,40,0.000002439181068560118,5,5
80,20,9.663704415888912e-7,5,5
80,0,9.65218685134413e-7,5,5
80,0,9.588003391247808e-7,5,5
80,0,9.65218685134413e-7,5,5
80,70,0.000144216195077095,5,5
20,0,9.588003391247808e-7,5,5
80,20,9.728391188140917e-7,5,5
20,10,9.589834198457655e-7,5,5
80,20,9.728391188140917e-7,5,5
80,20,9.728391188140917e-7,5,5
80,20,9.728391188140917e-7,5,5
80,20,9.728391188140917e-7,5,5
80,10,9.589834198457655e-7,5,5
80,20,9.728391188140917e-7,5,5
80,20,9.728391188140917e-7,5,5
80,20,9.728391188140917e-7,5,5
80,70,0.00014421619555509996,5,5
80,50,0.00002998752402717692,5,5
20,0,4.779129966085213e-13,5,5
20,0,9.65218685134413e-7,5,5
20,0,9.65218685134413e-7,5,5
80,70,0.00014421619555509996,5,5
80,70,0.00014421619555509996,5,5
20,0,7.645163045163567e-7,5,5
20,0,9.719239455960182e-9,5,5
80,70,0.00014421619555509996,5,5
80,70,0.00014421619555509996,5,5
20,0,9.587508987902148e-7,5,5
80,70,0.00014421619555509996,5,5
80,70,0.00014421619555509996,5,5
20,0,9.579220939230274e-7,5,5
80,30,0.0000010902045465925632,5,5
20,0,9.490010234499893e-7,5,5
20,0,9.65218685134413e-7,5,5
80,70,0.00014421619555509996,5,5
80,0,9.65218685134413e-7,5,5
80,0,9.65218685134413e-7,5,5
80,0,9.65218685134413e-7,5,5
80,0,9.65218685134413e-7,5,5
80,0,9.65218685134413e-7,5,5
81,20,7.171024042159015e-7,5,5
81,40,0.0000017979772551854424,5,5
81,30,8.089897455392409e-7,5,5
81,30,8.089897455392409e-7,5,5
81,30,8.089897455392409e-7,5,5
81,30,8.089897455392409e-7,5,5
81,30,8.089897455392409e-7,5,5
81,30,8.089897455392409e-7,5,5
81,30,8.089897455392409e-7,5,5
81,30,8.089897455392409e-7,5,5
81,30,8.089897455392409e-7,5,5
81,70,0.0001063051213293118,5,5
19,10,3.5234853377639873e-13,5,5
81,20,7.171024042159015e-7,5,5
19,10,7.068525948109074e-7,5,5
19,10,7.165655154116388e-9,5,5
19,10,5.636505522044745e-7,5,5
19,10,7.0624154753711e-7,5,5
19,10,6.996643710767514e-7,5,5
81,70,0.0001063051213293118,5,5
81,70,0.0001063051213293118,5,5
19,10,7.11621055194188e-7,5,5
19,10,2.0396444643527753e-19,5,5
19,10,7.11621055194188e-7,5,5
81,70,0.0001063051213293118,5,5
81,70,0.0001063051213293118,5,5
81,70,0.0001063051213293118,5,5
81,70,0.0001063051213293118,5,5
81,20,7.171024042159015e-7,5,5
81,80,0.00010630517361235151,5,5
81,80,0.00010630517361235151,5,5
81,80,0.00010630517361235151,5,5
81,70,0.0001063051213293118,5,5
81,70,0.0001063051213293118,5,5
81,80,0.00010630517361235151,5,5
81,80,0.00010630517361235151,5,5
81,80,0.00010630517361235151,5,5
81,20,7.171024042159015e-7,5,5
81,20,7.171024042159015e-7,5,5
81,80,0.00010630517361235151,5,5
81,80,0.00010630517361235151,5,5
81,80,0.00010630517361235151,5,5
81,20,7.171024042159015e-7,5,5
81,20,7.171024042159015e-7,5,5
81,20,7.171024042159015e-7,5,5
81,20,7.171024042159015e-7,5,5
81,40,0.0000017979772551854424,5,5
81,50,0.000022222330451939353,5,5
81,50,0.000022222330451939353,5,5
81,50,0.000022222330451939353,5,5
81,50,0.000022222330451939353,5,5
81,50,0.000022222330451939353,5,5
81,50,0.000022222330451939353,5,5
81,40,0.0000017979772551854424,5,5
81,40,0.0000017979772551854424,5,5
81,50,0.000022222330451939353,5,5
81,50,0.000022222330451939353,5,5
81,40,0.0000017979772551854424,5,5
81,50,0.000022222330451939353,5,5
81,40,0.0000017979772551854424,5,5
81,40,0.0000017979772551854424,5,5
81,40,0.0000017979772551854424,5,5
81,0,7.11485204817582e-7,5,5
81,40,0.0000017979772551854424,5,5
81,10,7.11621055194188e-7,5,5
81,10,7.11621055194188e-7,5,5
81,0,7.11485204817582e-7,5,5
81,10,7.11621055194188e-7,5,5
81,10,7.11621055194188e-7,5,5
81,0,7.11485204817582e-7,5,5
81,10,7.11621055194188e-7,5,5
81,10,7.11621055194188e-7,5,5
81,10,7.11621055194188e-7,5,5
81,10,7.11621055194188e-7,5,5
81,0,7.11485204817582e-7,5,5
81,10,7.11621055194188e-7,5,5
81,0,7.11485204817582e-7,5,5
81,0,7.11485204817582e-7,5,5
81,0,7.11485204817582e-7,5,5
81,0,7.11485204817582e-7,5,5
81,0,7.11485204817582e-7,5,5
81,80,0.00010630517361235134,5,5
81,0,7.067540922774043e-7,5,5
81,10,7.068890453468686e-7,5,5
19,0,7.067540922774043e-7,5,5
81,60,0.00010523473561782749,5,5
81,70,0.0001063051209769634,5,5
81,30,8.036151983707784e-7,5,5
81,40,0.0000017861435825361139,5,5
19,10,7.068890453468686e-7,5,5
81,50,0.000022104503365967232,5,5
81,60,0.00010524182959672841,5,5
19,0,5.635427990388028e-7,5,5
81,20,7.123341913628439e-7,5,5
19,0,7.061067172556871e-7,5,5
19,0,6.995307881419454e-7,5,5
19,0,7.067176486536869e-7,5,5
19,0,3.5228081626874554e-13,5,5
19,0,7.11485204817582e-7,5,5
19,0,7.164278086920759e-9,5,5
19,0,7.11485204817582e-7,5,5
19,0,2.0392524671487464e-19,5,5
81,60,0.00010524182959672841,5,5
81,60,0.00010524182959672841,5,5
81,60,0.00010524182959672841,5,5
81,60,0.00010524182959672841,5,5
81,60,0.00010524182959672841,5,5
81,60,0.00010524182959672841,5,5
81,60,0.00010524182959672841,5,5
81,60,0.00010524182959672841,5,5
82,20,5.233333804019451e-7,5,5
18,10,5.154072476678252e-7,5,5
82,10,5.193331526857487e-7,5,5
82,0,5.192340105877719e-7,5,5
82,30,5.864694579648062e-7,5,5
82,0,5.192340105877719e-7,5,5
82,30,5.903917428731635e-7,5,5
82,70,0.00007758029839565013,5,5
82,30,5.903917428731635e-7,5,5
82,30,5.903917428731635e-7,5,5
82,30,5.903917428731635e-7,5,5
82,30,5.903917428731635e-7,5,5
82,0,5.192340105877719e-7,5,5
82,0,5.192340105877719e-7,5,5
82,0,5.192340105877719e-7,5,5
82,30,5.903917428731635e-7,5,5
82,30,5.903917428731635e-7,5,5
82,30,5.903917428731635e-7,5,5
82,30,5.903917428731635e-7,5,5
82,0,5.192340105877719e-7,5,5
82,0,5.192340105877719e-7,5,5
82,0,5.192340105877719e-7,5,5
82,0,5.192340105877719e-7,5,5
82,40,0.0000013121438574325516,5,5
82,80,0.00007758033655123259,5,5
82,40,0.0000013121438574325516,5,5
82,40,0.0000013121438574325516,5,5
18,10,5.193331526857487e-7,5,5
82,50,0.000016217610270793515,5,5
82,40,0.0000013121438574325516,5,5
82,40,0.0000013121438574325516,5,5
18,0,1.4882238308667832e-19,5,5
18,0,2.570906321674729e-13,5,5
82,50,0.000016217610270793515,5,5
82,40,0.0000013121438574325516,5,5
82,50,0.000016217610270793515,5,5
82,50,0.000016131621370404727,5,5
82,40,0.0000013121438574325516,5,5
82,10,5.158797843872547e-7,5,5
18,0,5.15781297134077e-7,5,5
18,10,5.158797843872547e-7,5,5
82,20,5.198535915514328e-7,5,5
82,60,0.00007679914277626892,5,5
82,70,0.00007758029813851004,5,5
18,0,5.22841068071361e-9,5,5
82,50,0.000016217610270793515,5,5
82,40,0.0000013121438574325516,5,5
82,40,0.0000013121438574325516,5,5
82,50,0.000016217610270793515,5,5
82,50,0.000016217610270793515,5,5
18,0,4.112672838471728e-7,5,5
18,10,1.4885099060781775e-19,5,5
18,10,5.193331526857487e-7,5,5
18,0,5.10509809897865e-7,5,5
82,80,0.00007758033655123259,5,5
82,80,0.00007758033655123259,5,5
18,0,5.153088500239972e-7,5,5
82,80,0.00007758033655123259,5,5
82,80,0.00007758033655123259,5,5
18,0,5.157547009817264e-7,5,5
82,20,5.233333804019451e-7,5,5
18,0,5.192340105877719e-7,5,5
82,60,0.00007680431988338346,5,5
82,10,5.193331526857487e-7,5,5
82,20,5.233333804019451e-7,5,5
82,50,0.000016217610270793515,5,5
82,20,5.233333804019451e-7,5,5
82,10,5.193331526857487e-7,5,5
82,70,0.00007758029839565013,5,5
82,10,5.193331526857487e-7,5,5
82,60,0.00007680431988338346,5,5
82,60,0.00007680431988338346,5,5
82,70,0.00007758029839565013,5,5
82,60,0.00007680431988338346,5,5
82,70,0.00007758029839565013,5,5
82,70,0.00007758029839565013,5,5
82,70,0.00007758029839565013,5,5
82,50,0.000016217610270793515,5,5
82,0,5.15781297134077e-7,5,5
18,10,2.5714005165342477e-13,5,5
18,10,4.1134592091226836e-7,5,5
18,10,5.106072972419669e-7,5,5
18,10,5.158531831904243e-7,5,5
82,60,0.00007680431988338346,5,5
18,10,5.229415649078368e-9,5,5
82,10,5.193331526857487e-7,5,5
82,60,0.00007680431988338346,5,5
82,60,0.00007680431988338346,5,5
82,60,0.00007680431988338346,5,5
18,0,5.192340105877719e-7,5,5
82,20,5.233333804019451e-7,5,5
82,50,0.000016217610270793515,5,5
82,10,5.193331526857487e-7,5,5
82,40,0.0000013035077743937356,5,5
82,10,5.193331526857487e-7,5,5
82,70,0.00007758029839565013,5,5
82,10,5.193331526857487e-7,5,5
82,20,5.233333804019451e-7,5,5
82,60,0.00007680431988338346,5,5
82,20,5.233333804019451e-7,5,5
82,10,5.193331526857487e-7,5,5
82,20,5.233333804019451e-7,5,5
82,20,5.233333804019451e-7,5,5
82,80,0.00007758033655123259,5,5
82,70,0.00007758029839565013,5,5
82,70,0.00007758029839565013,5,5
82,80,0.00007758033655123259,5,5
82,80,0.00007758033655123259,5,5
82,80,0.00007758033655123259,5,5
82,80,0.00007758033655123259,5,5
17,10,1.0754894254841623e-19,5,5
83,20,3.7560854531804094e-7,5,5
17,0,1.8575506629690624e-13,5,5
17,0,1.0752827282606485e-19,5,5
17,10,3.7271814003937284e-7,5,5
17,10,3.723959393358084e-7,5,5
17,0,3.7264698392975043e-7,5,5
17,10,2.9720876317362435e-7,5,5
83,0,3.726662003827232e-7,5,5
17,0,3.751608809982244e-7,5,5
83,80,0.00005605393101224695,5,5
83,80,0.00005605393101224695,5,5
83,30,4.2374034451164854e-7,5,5
83,80,0.00005605393101224695,5,5
17,0,3.726662003827232e-7,5,5
83,10,3.727373601371219e-7,5,5
83,80,0.00005605393101224695,5,5
83,80,0.00005605393101224695,5,5
17,0,3.777670794285295e-9,5,5
83,80,0.00005605393101224695,5,5
83,80,0.00005605393101224695,5,5
17,0,3.6885740559004484e-7,5,5
83,40,9.418202873036195e-7,5,5
17,0,3.751608809982244e-7,5,5
83,70,0.00005605390325799639,5,5
17,10,3.752325138960371e-7,5,5
17,10,3.778396911622391e-9,5,5
17,10,3.752325138960371e-7,5,5
17,10,3.6892784288258283e-7,5,5
17,10,1.8579077323734183e-13,5,5
83,60,0.00005549323758530805,5,5
83,20,3.781227886538531e-7,5,5
83,60,0.00005549323758530805,5,5
83,50,0.000011717670323616592,5,5
83,50,0.000011717670323616592,5,5
83,50,0.000011717670323616592,5,5
83,50,0.000011717670323616592,5,5
83,50,0.000011717670323616592,5,5
83,50,0.000011717670323616592,5,5
83,50,0.000011717670323616592,5,5
83,50,0.000011717670323616592,5,5
83,50,0.000011717670323616592,5,5
83,40,9.480600952806644e-7,5,5
83,60,0.00005549323758530805,5,5
83,60,0.00005549323758530805,5,5
83,60,0.00005549323758530805,5,5
83,60,0.00005549323758530805,5,5
83,60,0.00005549323758530805,5,5
83,40,9.480600952806644e-7,5,5
83,40,9.480600952806644e-7,5,5
83,60,0.00005549323758530805,5,5
83,60,0.00005549323758530805,5,5
83,40,9.480600952806644e-7,5,5
83,40,9.480600952806644e-7,5,5
83,40,9.480600952806644e-7,5,5
83,20,3.781227886538531e-7,5,5
83,20,3.781227886538531e-7,5,5
83,30,4.2657430344295745e-7,5,5
83,40,9.480600952806644e-7,5,5
83,40,9.480600952806644e-7,5,5
83,30,4.2657430344295745e-7,5,5
83,40,9.480600952806644e-7,5,5
83,30,4.2657430344295745e-7,5,5
83,20,3.781227886538531e-7,5,5
83,30,4.2657430344295745e-7,5,5
83,30,4.2657430344295745e-7,5,5
83,30,4.2657430344295745e-7,5,5
83,30,4.2657430344295745e-7,5,5
83,30,4.2657430344295745e-7,5,5
83,30,4.2657430344295745e-7,5,5
83,0,3.751608809982244e-7,5,5
83,10,3.752325138960371e-7,5,5
83,20,3.781227886538531e-7,5,5
83,20,3.781227886538531e-7,5,5
83,20,3.781227886538531e-7,5,5
83,10,3.752325138960371e-7,5,5
83,10,3.752325138960371e-7,5,5
83,20,3.781227886538531e-7,5,5
83,10,3.752325138960371e-7,5,5
83,10,3.752325138960371e-7,5,5
83,10,3.752325138960371e-7,5,5
83,10,3.752325138960371e-7,5,5
83,10,3.752325138960371e-7,5,5
83,0,3.751608809982244e-7,5,5
83,10,3.752325138960371e-7,5,5
83,0,3.751608809982244e-7,5,5
83,0,3.751608809982244e-7,5,5
83,0,3.751608809982244e-7,5,5
83,0,3.751608809982244e-7,5,5
83,0,3.751608809982244e-7,5,5
83,0,3.751608809982244e-7,5,5
17,0,2.9715194572711944e-7,5,5
17,0,3.723248443266321e-7,5,5
83,80,0.00005605393101224695,5,5
83,70,0.00005605390344378709,5,5
83,80,0.00005605393101224695,5,5
83,80,0.000056053931012246755,5,5
83,70,0.00005605390344378709,5,5
83,50,0.000011655540973519862,5,5
83,0,3.751608809982244e-7,5,5
83,60,0.00005548949698275409,5,5
83,70,0.00005605390344378709,5,5
83,70,0.00005605390344378709,5,5
83,70,0.00005605390344378709,5,5
83,70,0.00005605390344378709,5,5
17,10,3.727373601371219e-7,5,5
83,70,0.00005605390344378709,5,5
83,70,0.00005605390344378709,5,5
83,20,3.781227886538531e-7,5,5
83,70,0.00005605390344378709,5,5
84,0,2.683668824974479e-7,5,5
84,50,0.000008337652866583401,5,5
84,40,6.781835342579614e-7,5,5
16,0,2.6658234233476444e-7,5,5
84,40,6.781835342579614e-7,5,5
84,40,6.781835342579614e-7,5,5
84,40,6.781835342579614e-7,5,5
84,50,0.000008382096359606148,5,5
84,50,0.000008382096359606148,5,5
84,40,6.781835342579614e-7,5,5
84,60,0.00003969375292271976,5,5
84,50,0.000008382096359606148,5,5
84,10,2.684181242405083e-7,5,5
84,40,6.781835342579614e-7,5,5
84,30,3.0514486388853926e-7,5,5
84,50,0.000008382096359606148,5,5
84,50,0.000008382096359606148,5,5
84,50,0.000008382096359606148,5,5
84,50,0.000008382096359606148,5,5
84,50,0.000008382096359606148,5,5
84,50,0.000008382096359606148,5,5
84,10,2.684181242405083e-7,5,5
84,40,6.781835342579614e-7,5,5
84,20,2.704856479765985e-7,5,5
84,10,2.684181242405083e-7,5,5
84,20,2.704856479765985e-7,5,5
84,10,2.684181242405083e-7,5,5
84,10,2.684181242405083e-7,5,5
84,10,2.684181242405083e-7,5,5
84,10,2.684181242405083e-7,5,5
84,10,2.684181242405083e-7,5,5
84,10,2.684181242405083e-7,5,5
84,0,2.683668824974479e-7,5,5
84,0,2.683668824974479e-7,5,5
84,20,2.704856479765985e-7,5,5
16,10,2.666332456203006e-7,5,5
84,0,2.683668824974479e-7,5,5
84,0,2.683668824974479e-7,5,5
84,0,2.683668824974479e-7,5,5
84,0,2.683668824974479e-7,5,5
84,0,2.683668824974479e-7,5,5
84,0,2.683668824974479e-7,5,5
84,30,3.0514486388853926e-7,5,5
84,70,0.000040097494251361815,5,5
84,20,2.704856479765985e-7,5,5
84,20,2.704856479765985e-7,5,5
84,20,2.704856479765985e-7,5,5
84,30,3.0514486388853926e-7,5,5
84,30,3.0514486388853926e-7,5,5
84,20,2.704856479765985e-7,5,5
84,20,2.704856479765985e-7,5,5
84,80,0.00004009751410503533,5,5
84,40,6.737199616975022e-7,5,5
84,20,2.6868711385418097e-7,5,5
84,30,3.0311762501038774e-7,5,5
16,0,2.1256411673480354e-7,5,5
84,30,3.0514486388853926e-7,5,5
84,30,3.0514486388853926e-7,5,5
84,30,3.0514486388853926e-7,5,5
84,10,2.666332456203006e-7,5,5
84,30,3.0514486388853926e-7,5,5
16,0,2.6633815733245013e-7,5,5
84,80,0.00004009751410503547,5,5
84,80,0.00004009751410503547,5,5
84,80,0.00004009751410503547,5,5
84,80,0.00004009751410503547,5,5
84,80,0.00004009751410503547,5,5
84,80,0.00004009751410503547,5,5
84,80,0.00004009751410503547,5,5
84,80,0.00004009751410503547,5,5
84,0,2.6658234233476444e-7,5,5
84,80,0.00004009751410503547,5,5
16,0,2.6385776619595253e-7,5,5
16,0,2.665685960732577e-7,5,5
84,40,6.781835342579614e-7,5,5
16,10,2.684181242405083e-7,5,5
16,0,1.328776814831171e-13,5,5
16,0,7.691907344359484e-20,5,5
16,0,2.7023119560506646e-9,5,5
16,10,7.693385928409872e-20,5,5
16,10,2.6638901430326e-7,5,5
16,10,2.6661949675154683e-7,5,5
16,0,2.683668824974479e-7,5,5
16,0,2.683668824974479e-7,5,5
16,10,2.639081526769728e-7,5,5
16,10,1.3290322401906253e-13,5,5
16,10,2.7028313754676506e-9,5,5
16,10,2.1260476042065177e-7,5,5
84,70,0.000040097494384264984,5,5
84,60,0.00003969642871835015,5,5
84,70,0.000040097494384264984,5,5
16,10,2.684181242405083e-7,5,5
84,60,0.00003969642871835015,5,5
84,70,0.000040097494384264984,5,5
84,70,0.000040097494384264984,5,5
84,70,0.000040097494384264984,5,5
84,70,0.000040097494384264984,5,5
84,70,0.000040097494384264984,5,5
84,60,0.00003969642871835015,5,5
84,70,0.000040097494384264984,5,5
84,60,0.00003969642871835015,5,5
84,60,0.00003969642871835015,5,5
84,70,0.000040097494384264984,5,5
84,60,0.00003969642871835015,5,5
84,60,0.00003969642871835015,5,5
84,60,0.00003969642871835015,5,5
84,60,0.00003969642871835015,5,5
84,20,2.704856479765985e-7,5,5
84,30,3.0514486388853926e-7,5,5
84,40,6.781835342579614e-7,5,5
85,50,0.000005904894215589708,5,5
15,10,1.5057098683567295e-7,5,5
85,80,0.000028397869626751766,5,5
85,20,1.9156340083891567e-7,5,5
85,80,0.000028397869626751766,5,5
85,60,0.000028111917799770478,5,5
85,80,0.000028397869626751766,5,5
85,80,0.000028397869626751766,5,5
85,80,0.000028397869626751766,5,5
85,80,0.000028397869626751766,5,5
85,80,0.000028397869626751766,5,5
85,10,1.8883505165553853e-7,5,5
85,20,1.9156340083891567e-7,5,5
85,80,0.000028397869626751766,5,5
85,80,0.000028397869626751766,5,5
85,30,2.1610975780893892e-7,5,5
85,30,2.1610975780893892e-7,5,5
85,30,2.1610975780893892e-7,5,5
85,30,2.1610975780893892e-7,5,5
85,30,2.1610975780893892e-7,5,5
85,30,2.1610975780893892e-7,5,5
85,30,2.1610975780893892e-7,5,5
85,30,2.1610975780893892e-7,5,5
85,30,2.1610975780893892e-7,5,5
85,0,1.9006284831865295e-7,5,5
85,0,1.9006284831865295e-7,5,5
85,0,1.9006284831865295e-7,5,5
85,0,1.9006284831865295e-7,5,5
85,0,1.9006284831865295e-7,5,5
85,0,1.9006284831865295e-7,5,5
85,0,1.9006284831865295e-7,5,5
85,0,1.9006284831865295e-7,5,5
85,0,1.9006284831865295e-7,5,5
85,40,4.803032811066187e-7,5,5
85,60,0.00002811381285229824,5,5
15,10,1.8883505165553853e-7,5,5
85,70,0.000028397855565978953,5,5
85,60,0.00002811381285229824,5,5
85,60,0.00002811381285229824,5,5
85,20,1.9156340083891567e-7,5,5
85,20,1.9156340083891567e-7,5,5
85,20,1.9156340083891567e-7,5,5
85,40,4.771420888364589e-7,5,5
85,20,1.9156340083891567e-7,5,5
15,10,1.888253144289021e-7,5,5
85,10,1.9009913875638564e-7,5,5
15,0,1.86869401050917e-7,5,5
15,10,1.8690508577479333e-7,5,5
15,0,1.9006284831865295e-7,5,5
15,0,1.9138319252839405e-9,5,5
15,0,1.9006284831865295e-7,5,5
85,10,1.9009913875638564e-7,5,5
85,60,0.00002811381285229824,5,5
85,10,1.9009913875638564e-7,5,5
85,10,1.9009913875638564e-7,5,5
85,10,1.9009913875638564e-7,5,5
85,10,1.9009913875638564e-7,5,5
85,60,0.00002811381285229824,5,5
85,60,0.00002811381285229824,5,5
85,60,0.00002811381285229824,5,5
85,60,0.00002811381285229824,5,5
85,10,1.9009913875638564e-7,5,5
85,10,1.9009913875638564e-7,5,5
85,10,1.9009913875638564e-7,5,5
15,0,9.410665871151204e-14,5,5
15,0,5.447564189989135e-20,5,5
15,0,1.8879900092026246e-7,5,5
85,40,4.803032811066187e-7,5,5
15,10,5.448611353087203e-20,5,5
15,10,1.9009913875638564e-7,5,5
85,40,4.803032811066187e-7,5,5
15,10,9.412474845153538e-14,5,5
15,10,1.9009913875638564e-7,5,5
15,0,1.5054220215618244e-7,5,5
85,80,0.000028397869626751766,5,5
85,40,4.803032811066187e-7,5,5
85,40,4.803032811066187e-7,5,5
85,20,1.9156340083891567e-7,5,5
85,40,4.803032811066187e-7,5,5
15,0,1.8878926554013136e-7,5,5
85,60,0.00002811381285229824,5,5
85,40,4.803032811066187e-7,5,5
85,20,1.9156340083891567e-7,5,5
85,40,4.803032811066187e-7,5,5
85,20,1.9028964263550464e-7,5,5
15,10,1.9141997886094957e-9,5,5
15,0,1.8862606416806434e-7,5,5
85,40,4.803032811066187e-7,5,5
85,70,0.000028397855660103714,5,5
85,30,2.146740262767233e-7,5,5
85,70,0.000028397855660103714,5,5
85,50,0.000005936369995292931,5,5
85,70,0.000028397855660103714,5,5
85,70,0.000028397855660103714,5,5
85,70,0.000028397855660103714,5,5
85,70,0.000028397855660103714,5,5
85,70,0.000028397855660103714,5,5
15,10,1.8866208210231484e-7,5,5
85,70,0.000028397855660103714,5,5
85,70,0.000028397855660103714,5,5
85,50,0.000005936369995292931,5,5
85,50,0.000005936369995292931,5,5
85,50,0.000005936369995292931,5,5
85,50,0.000005936369995292931,5,5
85,50,0.000005936369995292931,5,5
85,50,0.000005936369995292931,5,5
85,20,1.9156340083891567e-7,5,5
85,50,0.000005936369995292931,5,5
85,50,0.000005936369995292931,5,5
85,0,1.8879900092026246e-7,5,5
86,20,1.343191662733178e-7,5,5
86,0,1.332670187201406e-7,5,5
86,80,0.000019911831568552925,5,5
86,0,1.332670187201406e-7,5,5
86,0,1.332670187201406e-7,5,5
86,0,1.332670187201406e-7,5,5
86,0,1.332670187201406e-7,5,5
86,20,1.343191662733178e-7,5,5
86,0,1.332670187201406e-7,5,5
86,0,1.332670187201406e-7,5,5
86,0,1.332670187201406e-7,5,5
86,0,1.332670187201406e-7,5,5
86,20,1.343191662733178e-7,5,5
86,10,1.332924646107366e-7,5,5
86,20,1.343191662733178e-7,5,5
86,80,0.000019911831568552925,5,5
86,40,3.3677589766131507e-7,5,5
86,50,0.000004162424894138247,5,5
86,20,1.343191662733178e-7,5,5
86,20,1.343191662733178e-7,5,5
86,20,1.343191662733178e-7,5,5
86,20,1.343191662733178e-7,5,5
86,50,0.000004162424894138247,5,5
86,20,1.343191662733178e-7,5,5
86,50,0.000004162424894138247,5,5
86,50,0.000004162424894138247,5,5
86,50,0.000004162424894138247,5,5
86,50,0.000004162424894138247,5,5
86,40,3.3677589766131507e-7,5,5
86,40,3.3677589766131507e-7,5,5
86,50,0.000004162424894138247,5,5
86,50,0.000004162424894138247,5,5
86,50,0.000004162424894138247,5,5
86,40,3.3677589766131507e-7,5,5
86,40,3.3677589766131507e-7,5,5
86,40,3.3677589766131507e-7,5,5
86,40,3.3677589766131507e-7,5,5
86,40,3.3677589766131507e-7,5,5
86,40,3.3677589766131507e-7,5,5
86,80,0.000019911831568552925,5,5
86,60,0.000019712658506518025,5,5
86,60,0.000019712658506518025,5,5
86,60,0.000019712658506518025,5,5
86,60,0.000019712658506518025,5,5
86,60,0.000019712658506518025,5,5
86,80,0.000019911831568552925,5,5
86,60,0.000019712658506518025,5,5
86,60,0.000019712658506518025,5,5
86,60,0.000019712658506518025,5,5
86,60,0.000019712658506518025,5,5
86,80,0.000019911831568552925,5,5
86,30,1.5153041951282897e-7,5,5
14,10,1.323992928415103e-7,5,5
86,80,0.000019911831568552925,5,5
14,10,1.3421860259350574e-9,5,5
86,80,0.000019911831568552925,5,5
14,10,6.599777244676874e-14,5,5
14,10,1.332924646107366e-7,5,5
86,80,0.000019911831568552925,5,5
86,30,1.5153041951282897e-7,5,5
14,10,1.332924646107366e-7,5,5
14,10,1.0557637486152711e-7,5,5
86,30,1.5153041951282897e-7,5,5
86,30,1.5153041951282897e-7,5,5
86,30,1.5153041951282897e-7,5,5
14,0,1.332670187201406e-7,5,5
14,0,1.3419280899463732e-9,5,5
86,10,1.332924646107366e-7,5,5
86,70,0.000019911821775510375,5,5
14,0,1.3225958385326819e-7,5,5
86,70,0.000019911821775510375,5,5
86,10,1.332924646107366e-7,5,5
86,70,0.000019911821775510375,5,5
14,10,3.820421495384768e-20,5,5
86,70,0.000019911821775510375,5,5
86,70,0.000019911821775510375,5,5
14,0,1.3102785835515632e-7,5,5
86,70,0.000019911821775510375,5,5
14,0,1.3237401631862775e-7,5,5
86,70,0.000019911821775510375,5,5
14,0,1.332670187201406e-7,5,5
86,10,1.332924646107366e-7,5,5
86,70,0.000019911821775510375,5,5
86,10,1.332924646107366e-7,5,5
14,0,6.598508840176121e-14,5,5
86,10,1.332924646107366e-7,5,5
14,0,3.819687252446616e-20,5,5
86,30,1.5153041951282897e-7,5,5
86,10,1.332924646107366e-7,5,5
86,10,1.332924646107366e-7,5,5
86,10,1.332924646107366e-7,5,5
86,30,1.5153041951282897e-7,5,5
86,30,1.5153041951282897e-7,5,5
14,10,1.3228483867166324e-7,5,5
14,10,1.310528795352916e-7,5,5
86,0,1.3238084250847817e-7,5,5
14,0,1.0555619180916056e-7,5,5
86,80,0.000019911831568552925,5,5
86,70,0.000019911821775510375,5,5
86,30,1.5153041951282897e-7,5,5
86,30,1.5052372271398885e-7,5,5
86,10,1.3240612032608144e-7,5,5
14,10,1.3240612032608144e-7,5,5
14,0,1.3238084250847817e-7,5,5
86,70,0.000019911821709512665,5,5
86,60,0.000019711329746042633,5,5
86,20,1.334260408685345e-7,5,5
86,80,0.000019911831568552888,5,5
86,50,0.000004140354913813066,5,5
86,40,3.3455935364352167e-7,5,5
87,60,0.00001368354045007332,5,5
87,80,0.00001382272815754817,5,5
87,60,0.000013684462871236565,5,5
87,10,9.191589439484361e-8,5,5
87,0,9.251352723597026e-8,5,5
87,10,9.253119168975115e-8,5,5
87,10,9.253119168975115e-8,5,5
87,10,9.253119168975115e-8,5,5
87,10,9.253119168975115e-8,5,5
87,0,9.251352723597026e-8,5,5
87,10,9.253119168975115e-8,5,5
87,10,9.253119168975115e-8,5,5
87,10,9.253119168975115e-8,5,5
87,10,9.253119168975115e-8,5,5
87,0,9.251352723597026e-8,5,5
87,0,9.189834661678313e-8,5,5
87,60,0.000013684462871236565,5,5
87,40,2.337887234210317e-7,5,5
87,0,9.251352723597026e-8,5,5
87,0,9.251352723597026e-8,5,5
87,0,9.251352723597026e-8,5,5
87,0,9.251352723597026e-8,5,5
87,40,2.337887234210317e-7,5,5
87,40,2.337887234210317e-7,5,5
87,0,9.251352723597026e-8,5,5
87,60,0.000013684462871236565,5,5
87,40,2.337887234210317e-7,5,5
87,40,2.337887234210317e-7,5,5
87,40,2.337887234210317e-7,5,5
87,40,2.337887234210317e-7,5,5
87,40,2.337887234210317e-7,5,5
87,60,0.000013684462871236565,5,5
87,60,0.000013684462871236565,5,5
87,60,0.000013684462871236565,5,5
87,40,2.337887234210317e-7,5,5
87,80,0.00001382272815754817,5,5
87,60,0.000013684462871236565,5,5
87,80,0.00001382272815754817,5,5
87,30,1.0519192015630776e-7,5,5
87,50,0.0000028895417073912744,5,5
87,60,0.000013684462871236565,5,5
87,50,0.0000028895417073912744,5,5
87,50,0.0000028895417073912744,5,5
87,60,0.000013684462871236565,5,5
87,50,0.0000028895417073912744,5,5
87,50,0.0000028895417073912744,5,5
87,50,0.0000028895417073912744,5,5
87,50,0.0000028895417073912744,5,5
87,50,0.0000028895417073912744,5,5
87,50,0.0000028895417073912744,5,5
87,30,1.0519192015630776e-7,5,5
87,30,1.0519192015630776e-7,5,5
87,30,1.0519192015630776e-7,5,5
87,80,0.00001382272815754817,5,5
87,30,1.0519192015630776e-7,5,5
87,30,1.0519192015630776e-7,5,5
87,30,1.0519192015630776e-7,5,5
87,30,1.0519192015630776e-7,5,5
87,30,1.0519192015630776e-7,5,5
87,80,0.00001382272815754817,5,5
87,20,9.262391988974047e-8,5,5
87,80,0.00001382272815754817,5,5
87,70,0.000013822721359250181,5,5
87,50,0.0000028742207994463115,5,5
87,80,0.00001382272815754817,5,5
13,10,9.183170106819061e-8,5,5
87,70,0.000013822721313434762,5,5
87,70,0.000013822721359250181,5,5
87,20,9.324392461599666e-8,5,5
13,0,9.189834661678313e-8,5,5
87,80,0.00001382272815754817,5,5
87,80,0.00001382272815754817,5,5
87,20,9.324392461599666e-8,5,5
87,20,9.324392461599666e-8,5,5
87,20,9.324392461599666e-8,5,5
13,10,9.191589439484361e-8,5,5
87,20,9.324392461599666e-8,5,5
87,20,9.324392461599666e-8,5,5
87,20,9.324392461599666e-8,5,5
87,20,9.324392461599666e-8,5,5
87,20,9.324392461599666e-8,5,5
87,70,0.000013822721359250181,5,5
87,30,1.0449307454084877e-7,5,5
87,70,0.000013822721359250181,5,5
87,70,0.000013822721359250181,5,5
87,70,0.000013822721359250181,5,5
87,80,0.00001382272815754812,5,5
87,70,0.000013822721359250181,5,5
87,70,0.000013822721359250181,5,5
87,70,0.000013822721359250181,5,5
13,10,9.19111547774509e-8,5,5
13,10,9.317411363935298e-10,5,5
87,0,9.251352723597026e-8,5,5
13,10,9.253119168975115e-8,5,5
13,10,9.253119168975115e-8,5,5
13,10,2.6521240698599765e-20,5,5
13,10,4.581543713819687e-14,5,5
87,40,2.3225000583487124e-7,5,5
87,10,9.253119168975115e-8,5,5
13,0,7.327676209497341e-8,5,5
13,0,9.095910945577893e-8,5,5
13,0,9.181416925610438e-8,5,5
13,10,9.097647907695115e-8,5,5
13,0,9.189360789818095e-8,5,5
13,0,4.58066319157608e-14,5,5
13,0,9.251352723597026e-8,5,5
13,0,9.315620780762999e-10,5,5
13,0,2.651614360820869e-20,5,5
13,0,9.251352723597026e-8,5,5
13,10,7.329077310371897e-8,5,5
88,70,0.00000950020869970604,5,5
88,10,6.31728123406821e-8,5,5
88,60,0.000009404551179095095,5,5
88,30,7.181697390130862e-8,5,5
88,50,0.0000019754212520537855,5,5
88,80,0.000009500213403592056,5,5
88,40,1.5962294803663052e-7,5,5
88,0,6.316075194027202e-8,5,5
88,20,6.365943069995475e-8,5,5
12,10,6.31728123406821e-8,5,5
12,10,6.403757298670683e-10,5,5
12,10,6.359569959865675e-8,5,5
12,0,6.251522427276513e-8,5,5
12,10,6.252716222784904e-8,5,5
12,0,6.315749506959758e-8,5,5
12,10,6.31149471666553e-8,5,5
12,0,3.148240879365671e-14,5,5
12,0,6.402526649983935e-10,5,5
12,0,5.036233582054137e-8,5,5
12,10,6.316955485227829e-8,5,5
12,0,6.358355900827041e-8,5,5
12,10,5.037196543718219e-8,5,5
12,0,6.310289773948876e-8,5,5
12,10,6.359569959865675e-8,5,5
12,10,1.8227765423220417e-20,5,5
12,10,3.1488460528977085e-14,5,5
12,0,1.8224262247443228e-20,5,5
12,0,6.358355900827041e-8,5,5
88,50,0.0000019859511484212083,5,5
88,10,6.359569959865675e-8,5,5
88,10,6.359569959865675e-8,5,5
88,20,6.408555332520917e-8,5,5
88,20,6.408555332520917e-8,5,5
88,20,6.408555332520917e-8,5,5
88,20,6.408555332520917e-8,5,5
88,20,6.408555332520917e-8,5,5
88,30,7.22972830275064e-8,5,5
88,20,6.408555332520917e-8,5,5
88,30,7.22972830275064e-8,5,5
88,20,6.408555332520917e-8,5,5
88,20,6.408555332520917e-8,5,5
88,30,7.22972830275064e-8,5,5
88,20,6.408555332520917e-8,5,5
88,30,7.22972830275064e-8,5,5
88,10,6.359569959865675e-8,5,5
88,10,6.359569959865675e-8,5,5
88,30,7.22972830275064e-8,5,5
88,30,7.22972830275064e-8,5,5
88,30,7.22972830275064e-8,5,5
88,30,7.22972830275064e-8,5,5
88,30,7.22972830275064e-8,5,5
88,10,6.359569959865675e-8,5,5
88,10,6.359569959865675e-8,5,5
88,10,6.359569959865675e-8,5,5
88,10,6.359569959865675e-8,5,5
88,10,6.359569959865675e-8,5,5
88,50,0.0000019859511484212083,5,5
88,0,6.358355900827041e-8,5,5
12,0,6.316075194027202e-8,5,5
88,50,0.0000019859511484212083,5,5
88,50,0.0000019859511484212083,5,5
88,50,0.0000019859511484212083,5,5
88,50,0.0000019859511484212083,5,5
88,40,1.6068049219649377e-7,5,5
88,50,0.0000019859511484212083,5,5
88,40,1.6068049219649377e-7,5,5
88,40,1.6068049219649377e-7,5,5
88,50,0.0000019859511484212083,5,5
88,40,1.6068049219649377e-7,5,5
88,40,1.6068049219649377e-7,5,5
88,40,1.6068049219649377e-7,5,5
88,40,1.6068049219649377e-7,5,5
88,40,1.6068049219649377e-7,5,5
88,40,1.6068049219649377e-7,5,5
88,0,6.358355900827041e-8,5,5
88,0,6.358355900827041e-8,5,5
88,0,6.358355900827041e-8,5,5
88,0,6.358355900827041e-8,5,5
88,0,6.358355900827041e-8,5,5
88,0,6.358355900827041e-8,5,5
88,0,6.358355900827041e-8,5,5
88,0,6.358355900827041e-8,5,5
88,80,0.000009500213403592056,5,5
88,50,0.0000019859511484212083,5,5
88,70,0.00000950020873119447,5,5
88,80,0.000009500213403592056,5,5
88,80,0.000009500213403592056,5,5
88,80,0.000009500213403592056,5,5
88,80,0.000009500213403592056,5,5
88,80,0.000009500213403592056,5,5
88,80,0.000009500213403592056,5,5
88,70,0.00000950020873119447,5,5
88,80,0.000009500213403592056,5,5
88,80,0.000009500213403592056,5,5
88,70,0.00000950020873119447,5,5
88,60,0.000009405185149307011,5,5
88,70,0.00000950020873119447,5,5
88,70,0.00000950020873119447,5,5
88,70,0.00000950020873119447,5,5
88,70,0.00000950020873119447,5,5
88,70,0.00000950020873119447,5,5
88,60,0.000009405185149307011,5,5
88,70,0.00000950020873119447,5,5
88,60,0.000009405185149307011,5,5
88,60,0.000009405185149307011,5,5
88,60,0.000009405185149307011,5,5
88,60,0.000009405185149307011,5,5
88,60,0.000009405185149307011,5,5
88,60,0.000009405185149307011,5,5
88,60,0.000009405185149307011,5,5
89,0,4.3265475371817156e-8,5,5
89,0,4.3265475371817156e-8,5,5
89,60,0.000006399333157321463,5,5
89,40,1.093351486813531e-7,5,5
89,0,4.297777601882662e-8,5,5
89,0,4.3265475371817156e-8,5,5
89,20,4.360705774145882e-8,5,5
89,20,4.360705774145882e-8,5,5
89,20,4.360705774145882e-8,5,5
89,60,0.0000063997645427773455,5,5
89,60,0.0000063997645427773455,5,5
89,0,4.3265475371817156e-8,5,5
89,60,0.0000063997645427773455,5,5
89,20,4.360705774145882e-8,5,5
89,60,0.0000063997645427773455,5,5
89,60,0.0000063997645427773455,5,5
89,60,0.0000063997645427773455,5,5
89,60,0.0000063997645427773455,5,5
89,20,4.360705774145882e-8,5,5
89,60,0.0000063997645427773455,5,5
89,20,4.360705774145882e-8,5,5
89,20,4.360705774145882e-8,5,5
89,60,0.0000063997645427773455,5,5
89,20,4.360705774145882e-8,5,5
89,80,0.000006464426582139789,5,5
89,40,1.0861554204849407e-7,5,5
89,0,4.3265475371817156e-8,5,5
89,50,0.0000013441767158485185,5,5
89,80,0.000006464426582139789,5,5
89,0,4.3265475371817156e-8,5,5
89,0,4.3265475371817156e-8,5,5
89,0,4.3265475371817156e-8,5,5
89,0,4.3265475371817156e-8,5,5
11,10,4.2985982526374106e-8,5,5
89,30,4.886790805782568e-8,5,5
89,80,0.000006464426582139766,5,5
89,70,0.000006464423381377371,5,5
11,0,4.297777601882662e-8,5,5
89,20,4.360705774145882e-8,5,5
89,80,0.000006464426582139789,5,5
89,50,0.0000013513417908939843,5,5
89,40,1.093351486813531e-7,5,5
89,10,4.327373644468776e-8,5,5
89,40,1.093351486813531e-7,5,5
89,10,4.2985982526374106e-8,5,5
89,40,1.093351486813531e-7,5,5
89,50,0.0000013513417908939843,5,5
89,40,1.093351486813531e-7,5,5
89,10,4.327373644468776e-8,5,5
89,40,1.093351486813531e-7,5,5
89,40,1.093351486813531e-7,5,5
89,40,1.093351486813531e-7,5,5
89,50,0.0000013513417908939843,5,5
89,10,4.327373644468776e-8,5,5
89,10,4.327373644468776e-8,5,5
89,10,4.327373644468776e-8,5,5
89,10,4.327373644468776e-8,5,5
89,10,4.327373644468776e-8,5,5
89,50,0.0000013513417908939843,5,5
89,50,0.0000013513417908939843,5,5
89,10,4.327373644468776e-8,5,5
89,10,4.327373644468776e-8,5,5
89,30,4.919473472488402e-8,5,5
89,80,0.000006464426582139789,5,5
89,30,4.919473472488402e-8,5,5
89,50,0.0000013513417908939843,5,5
89,50,0.0000013513417908939843,5,5
89,50,0.0000013513417908939843,5,5
89,30,4.919473472488402e-8,5,5
89,50,0.0000013513417908939843,5,5
89,30,4.919473472488402e-8,5,5
89,80,0.000006464426582139789,5,5
89,30,4.919473472488402e-8,5,5
89,30,4.919473472488402e-8,5,5
89,30,4.919473472488402e-8,5,5
89,30,4.919473472488402e-8,5,5
89,30,4.919473472488402e-8,5,5
89,80,0.000006464426582139789,5,5
89,70,0.0000064644234028037185,5,5
89,70,0.0000064644234028037185,5,5
89,70,0.0000064644234028037185,5,5
89,70,0.0000064644234028037185,5,5
89,80,0.000006464426582139789,5,5
89,20,4.3317102315309884e-8,5,5
89,80,0.000006464426582139789,5,5
89,70,0.0000064644234028037185,5,5
89,80,0.000006464426582139789,5,5
89,70,0.0000064644234028037185,5,5
11,0,4.3265475371817156e-8,5,5
89,70,0.0000064644234028037185,5,5
89,70,0.0000064644234028037185,5,5
89,70,0.0000064644234028037185,5,5
11,0,1.2400711469040767e-20,5,5
11,0,4.253852628452482e-8,5,5
11,0,4.297555987899171e-8,5,5
11,0,4.293840908910161e-8,5,5
11,0,2.1422226178472625e-14,5,5
11,0,3.426908518642988e-8,5,5
11,0,4.3566035530702525e-10,5,5
11,0,4.3265475371817156e-8,5,5
11,10,2.142634408583004e-14,5,5
89,40,1.093351486813531e-7,5,5
11,10,4.3574409487944983e-10,5,5
11,10,4.298376596620498e-8,5,5
11,10,4.2946608129898016e-8,5,5
11,10,3.427563766553145e-8,5,5
11,10,4.254664947406799e-8,5,5
11,10,1.2403095207347711e-20,5,5
11,10,4.327373644468776e-8,5,5
11,10,4.327373644468776e-8,5,5
90,40,7.365690042752421e-8,5,5
90,20,2.937720164776e-8,5,5
90,50,9.103719063438369e-7,5,5
90,50,9.103719063438369e-7,5,5
90,20,2.937720164776e-8,5,5
90,20,2.937720164776e-8,5,5
90,40,7.365690042752421e-8,5,5
90,20,2.937720164776e-8,5,5
90,20,2.937720164776e-8,5,5
90,20,2.937720164776e-8,5,5
90,50,9.103719063438369e-7,5,5
90,0,2.914708444490312e-8,5,5
90,0,2.914708444490312e-8,5,5
90,0,2.914708444490312e-8,5,5
90,0,2.914708444490312e-8,5,5
90,0,2.914708444490312e-8,5,5
90,0,2.914708444490312e-8,5,5
90,20,2.937720164776e-8,5,5
90,0,2.914708444490312e-8,5,5
90,0,2.914708444490312e-8,5,5
90,40,7.365690042752421e-8,5,5
90,40,7.365690042752421e-8,5,5
90,0,2.914708444490312e-8,5,5
90,40,7.365690042752421e-8,5,5
90,40,7.365690042752421e-8,5,5
90,50,9.103719063438369e-7,5,5
90,50,9.103719063438369e-7,5,5
90,50,9.103719063438369e-7,5,5
90,10,2.9152649764282967e-8,5,5
90,60,0.000004311393228729785,5,5
90,60,0.000004311393228729785,5,5
90,40,7.365690042752421e-8,5,5
90,50,9.103719063438369e-7,5,5
90,50,9.103719063438369e-7,5,5
90,50,9.103719063438369e-7,5,5
90,60,0.000004311393228729785,5,5
90,60,0.000004311393228729785,5,5
90,60,0.000004311393228729785,5,5
90,70,0.00000435495260805253,5,5
90,60,0.000004311393228729785,5,5
90,60,0.000004311393228729785,5,5
90,60,0.000004311393228729785,5,5
90,80,0.000004354954749907588,5,5
90,80,0.000004354954749907588,5,5
90,60,0.000004311393228729785,5,5
90,80,0.000004354954749907588,5,5
90,80,0.000004354954749907588,5,5
90,10,2.9152649764282967e-8,5,5
90,80,0.000004354954749907588,5,5
90,80,0.000004354954749907588,5,5
90,80,0.000004354954749907588,5,5
90,80,0.000004354954749907588,5,5
90,80,0.000004354954749907588,5,5
90,70,0.00000435495260805253,5,5
90,30,3.3141507748342556e-8,5,5
90,70,0.00000435495260805253,5,5
90,70,0.00000435495260805253,5,5
90,10,2.9152649764282967e-8,5,5
90,70,0.00000435495260805253,5,5
90,30,3.3141507748342556e-8,5,5
90,70,0.00000435495260805253,5,5
90,70,0.00000435495260805253,5,5
90,30,3.3141507748342556e-8,5,5
90,70,0.00000435495260805253,5,5
90,70,0.00000435495260805253,5,5
90,10,2.9152649764282967e-8,5,5
90,30,3.3141507748342556e-8,5,5
90,30,3.3141507748342556e-8,5,5
90,30,3.3141507748342556e-8,5,5
90,10,2.9152649764282967e-8,5,5
90,10,2.9152649764282967e-8,5,5
90,30,3.3141507748342556e-8,5,5
90,30,3.3141507748342556e-8,5,5
90,10,2.9152649764282967e-8,5,5
90,30,3.3141507748342556e-8,5,5
90,10,2.9152649764282967e-8,5,5
90,10,2.9152649764282967e-8,5,5
90,0,2.914708444490312e-8,5,5
90,80,0.000004354954749907588,5,5
90,40,7.365690042752421e-8,5,5
10,0,2.914708444490312e-8,5,5
10,0,2.3086396513491e-8,5,5
10,0,2.8657353400638276e-8,5,5
10,0,2.895177418242133e-8,5,5
10,0,2.892674643914992e-8,5,5
10,0,2.934956580576904e-10,5,5
10,0,2.914708444490312e-8,5,5
10,0,8.354111014817487e-21,5,5
10,0,1.4431724835005015e-14,5,5
90,70,0.00000435495260805253,5,5
10,0,2.8953267151453912e-8,5,5
90,30,3.3141507748342556e-8,5,5
90,10,2.9152649764282967e-8,5,5
90,20,2.937720164776e-8,5,5
90,60,0.000004311393228729785,5,5
90,20,2.937720164776e-8,5,5
90,40,7.365690042752421e-8,5,5
90,50,9.103719063438369e-7,5,5
90,40,7.365690042752421e-8,5,5
90,20,2.937720164776e-8,5,5
91,60,0.0000028755990905266588,5,5
91,40,4.912744086273097e-8,5,5
91,10,1.944413991050233e-8,5,5
91,10,1.944413991050233e-8,5,5
91,20,1.9593910798390662e-8,5,5
91,10,1.944413991050233e-8,5,5
91,10,1.944413991050233e-8,5,5
91,10,1.944413991050233e-8,5,5
91,50,6.071969052784899e-7,5,5
91,10,1.944413991050233e-8,5,5
91,10,1.944413991050233e-8,5,5
91,40,4.912744086273097e-8,5,5
91,30,2.2104615488272918e-8,5,5
91,40,4.912744086273097e-8,5,5
91,40,4.912744086273097e-8,5,5
91,50,6.071969052784899e-7,5,5
91,40,4.912744086273097e-8,5,5
91,50,6.071969052784899e-7,5,5
91,40,4.912744086273097e-8,5,5
91,50,6.071969052784899e-7,5,5
91,50,6.071969052784899e-7,5,5
91,80,0.000002904653612820315,5,5
91,80,0.000002904653612820315,5,5
91,30,2.2104615488272918e-8,5,5
91,30,2.2104615488272918e-8,5,5
91,80,0.000002904653612820315,5,5
91,70,0.0000029046521842527712,5,5
91,30,2.2104615488272918e-8,5,5
91,70,0.0000029046521842527712,5,5
91,60,0.0000028755990905266588,5,5
91,80,0.000002904653612820315,5,5
91,80,0.000002904653612820315,5,5
91,80,0.000002904653612820315,5,5
91,70,0.0000029046521842527712,5,5
91,70,0.0000029046521842527712,5,5
91,70,0.0000029046521842527712,5,5
91,70,0.0000029046521842527712,5,5
91,60,0.0000028755990905266588,5,5
91,70,0.0000029046521842527712,5,5
91,60,0.0000028755990905266588,5,5
91,60,0.0000028755990905266588,5,5
91,70,0.0000029046521842527712,5,5
91,70,0.0000029046521842527712,5,5
91,50,6.071969052784899e-7,5,5
91,60,0.0000028755990905266588,5,5
91,60,0.0000028755990905266588,5,5
91,60,0.0000028755990905266588,5,5
91,30,2.2104615488272918e-8,5,5
91,60,0.0000028755990905266588,5,5
91,30,2.2104615488272918e-8,5,5
91,30,2.2104615488272918e-8,5,5
91,50,6.071969052784899e-7,5,5
91,50,6.071969052784899e-7,5,5
91,40,4.912744086273097e-8,5,5
91,20,1.9593910798390662e-8,5,5
91,20,1.9593910798390662e-8,5,5
91,20,1.9593910798390662e-8,5,5
91,20,1.9593910798390662e-8,5,5
91,30,2.2104615488272918e-8,5,5
91,20,1.9593910798390662e-8,5,5
91,20,1.9593910798390662e-8,5,5
91,0,1.944042797180916e-8,5,5
91,0,1.944042797180916e-8,5,5
91,30,2.2104615488272918e-8,5,5
91,20,1.9593910798390662e-8,5,5
91,40,4.912744086273097e-8,5,5
91,50,6.071969052784899e-7,5,5
91,20,1.9593910798390662e-8,5,5
91,0,1.944042797180916e-8,5,5
91,0,1.944042797180916e-8,5,5
9,0,1.9310160565574768e-8,5,5
9,0,1.9575478334015667e-10,5,5
9,0,1.539808996668379e-8,5,5
9,0,1.9293467642435765e-8,5,5
9,0,1.9113788746208865e-8,5,5
9,0,9.625625084190782e-15,5,5
9,0,2.955615098834075e-29,5,5
9,0,5.571997904595031e-21,5,5
9,0,1.944042797180916e-8,5,5
91,90,0.0000029046536128211406,5,5
91,40,4.912744086273097e-8,5,5
91,90,0.0000029046536128211406,5,5
91,90,0.0000029046536128211406,5,5
91,0,1.944042797180916e-8,5,5
91,90,0.0000029046536128211406,5,5
91,90,0.0000029046536128211406,5,5
91,90,0.0000029046536128211406,5,5
91,90,0.0000029046536128211406,5,5
91,90,0.0000029046536128211406,5,5
91,90,0.0000029046536128211406,5,5
91,90,0.0000029046536128211406,5,5
91,80,0.000002904653612820315,5,5
91,0,1.944042797180916e-8,5,5
91,10,1.944413991050233e-8,5,5
91,0,1.944042797180916e-8,5,5
91,10,1.944413991050233e-8,5,5
91,0,1.944042797180916e-8,5,5
91,80,0.000002904653612820315,5,5
9,0,1.9311156341224195e-8,5,5
91,20,1.9593910798390662e-8,5,5
91,80,0.000002904653612820315,5,5
91,0,1.944042797180916e-8,5,5
91,30,2.2104615488272918e-8,5,5
91,60,0.0000028755990905266588,5,5
91,0,1.944042797180916e-8,5,5
91,80,0.000002904653612820315,5,5
91,50,6.071969052784899e-7,5,5
91,70,0.0000029046521842527712,5,5
91,40,4.912744086273097e-8,5,5
91,10,1.944413991050233e-8,5,5
8,0,1.2751275542938644e-8,5,5
8,0,1.2751933093643146e-8,5,5
92,40,3.244082476853605e-8,5,5
92,30,1.4596566502101925e-8,5,5
8,0,1.2621603333890954e-8,5,5
8,0,1.2740252534515666e-8,5,5
8,0,3.679414283733776e-21,5,5
8,0,6.3561873193509845e-15,5,5
8,0,1.016797800999019e-8,5,5
8,0,1.2926475534691157e-10,5,5
8,0,1.9517115042166584e-29,5,5
8,0,1.2837296349731886e-8,5,5
92,80,0.0000019180595856822394,5,5
92,70,0.000001918058642341643,5,5
92,0,1.2837296349731886e-8,5,5
92,0,1.2837296349731886e-8,5,5
92,0,1.2837296349731886e-8,5,5
92,0,1.2837296349731886e-8,5,5
92,50,4.0095653382751295e-7,5,5
92,30,1.4596566502101925e-8,5,5
92,50,4.0095653382751295e-7,5,5
92,10,1.2839747492119652e-8,5,5
92,10,1.2839747492119652e-8,5,5
92,50,4.0095653382751295e-7,5,5
92,10,1.2839747492119652e-8,5,5
92,10,1.2839747492119652e-8,5,5
92,10,1.2839747492119652e-8,5,5
92,10,1.2839747492119652e-8,5,5
92,10,1.2839747492119652e-8,5,5
92,50,4.0095653382751295e-7,5,5
92,10,1.2839747492119652e-8,5,5
92,10,1.2839747492119652e-8,5,5
92,50,4.0095653382751295e-7,5,5
92,50,4.0095653382751295e-7,5,5
92,50,4.0095653382751295e-7,5,5
92,50,4.0095653382751295e-7,5,5
92,40,3.244082476853605e-8,5,5
92,30,1.4596566502101925e-8,5,5
92,40,3.244082476853605e-8,5,5
92,50,4.0095653382751295e-7,5,5
92,40,3.244082476853605e-8,5,5
92,40,3.244082476853605e-8,5,5
92,40,3.244082476853605e-8,5,5
92,40,3.244082476853605e-8,5,5
92,30,1.4596566502101925e-8,5,5
92,40,3.244082476853605e-8,5,5
92,40,3.244082476853605e-8,5,5
92,40,3.244082476853605e-8,5,5
92,30,1.4596566502101925e-8,5,5
92,30,1.4596566502101925e-8,5,5
92,30,1.4596566502101925e-8,5,5
92,30,1.4596566502101925e-8,5,5
92,30,1.4596566502101925e-8,5,5
92,20,1.293864723214452e-8,5,5
92,20,1.293864723214452e-8,5,5
92,20,1.293864723214452e-8,5,5
92,20,1.293864723214452e-8,5,5
92,20,1.293864723214452e-8,5,5
92,20,1.293864723214452e-8,5,5
92,20,1.293864723214452e-8,5,5
92,20,1.293864723214452e-8,5,5
92,20,1.293864723214452e-8,5,5
92,10,1.2839747492119652e-8,5,5
92,0,1.2837296349731886e-8,5,5
92,70,0.000001918058642341643,5,5
92,30,1.4596566502101925e-8,5,5
92,70,0.000001918058642341643,5,5
92,90,0.0000019180595856827845,5,5
92,90,0.0000019180595856827845,5,5
92,90,0.0000019180595856827845,5,5
92,90,0.0000019180595856827845,5,5
92,80,0.0000019180595856822394,5,5
92,90,0.0000019180595856827845,5,5
92,90,0.0000019180595856827845,5,5
92,90,0.0000019180595856827845,5,5
92,90,0.0000019180595856827845,5,5
92,80,0.0000019180595856822394,5,5
92,80,0.0000019180595856822394,5,5
92,80,0.0000019180595856822394,5,5
92,90,0.0000019180595856827845,5,5
92,80,0.0000019180595856822394,5,5
92,80,0.0000019180595856822394,5,5
92,80,0.0000019180595856822394,5,5
92,80,0.0000019180595856822394,5,5
92,80,0.0000019180595856822394,5,5
92,60,0.0000018988737162392232,5,5
92,60,0.0000018988737162392232,5,5
92,0,1.2837296349731886e-8,5,5
92,70,0.000001918058642341643,5,5
92,60,0.0000018988737162392232,5,5
92,70,0.000001918058642341643,5,5
92,70,0.000001918058642341643,5,5
92,70,0.000001918058642341643,5,5
92,70,0.000001918058642341643,5,5
92,70,0.000001918058642341643,5,5
92,70,0.000001918058642341643,5,5
92,60,0.0000018988737162392232,5,5
92,60,0.0000018988737162392232,5,5
92,60,0.0000018988737162392232,5,5
92,60,0.0000018988737162392232,5,5
92,60,0.0000018988737162392232,5,5
92,60,0.0000018988737162392232,5,5
92,0,1.2837296349731886e-8,5,5
92,0,1.2837296349731886e-8,5,5
92,0,1.2837296349731886e-8,5,5
92,20,1.293864723214452e-8,5,5
92,50,4.0095653382751295e-7,5,5
92,60,0.0000018988737162392232,5,5
92,90,0.0000019180595856827845,5,5
92,0,1.2837296349731886e-8,5,5
93,0,8.392636196527078e-9,5,5
93,10,8.394238679305728e-9,5,5
93,10,8.394238679305728e-9,5,5
93,60,0.000001241426220083798,5,5
93,10,8.394238679305728e-9,5,5
93,0,8.392636196527078e-9,5,5
93,20,8.458896338936462e-9,5,5
93,30,9.542793827698292e-9,5,5
93,80,0.0000012539693614090867,5,5
7,0,8.336828280795762e-9,5,5
93,0,8.392636196527078e-9,5,5
93,0,8.392636196527078e-9,5,5
93,10,8.394238679305728e-9,5,5
93,0,8.392636196527078e-9,5,5
93,0,8.392636196527078e-9,5,5
93,0,8.392636196527078e-9,5,5
93,0,8.392636196527078e-9,5,5
93,10,8.394238679305728e-9,5,5
93,0,8.392636196527078e-9,5,5
93,0,8.392636196527078e-9,5,5
93,50,2.6213325823120854e-7,5,5
93,40,2.120883033157478e-8,5,5
93,90,0.0000012539693614094431,5,5
93,10,8.394238679305728e-9,5,5
93,10,8.394238679305728e-9,5,5
93,70,0.0000012539687446815306,5,5
7,0,6.647516577267247e-9,5,5
93,10,8.394238679305728e-9,5,5
93,10,8.394238679305728e-9,5,5
7,0,8.251622624606033e-9,5,5
93,20,8.458896338936462e-9,5,5
93,20,8.458896338936462e-9,5,5
93,20,8.458896338936462e-9,5,5
93,30,9.542793827698292e-9,5,5
93,20,8.458896338936462e-9,5,5
7,0,8.329191884419277e-9,5,5
93,30,9.542793827698292e-9,5,5
93,20,8.458896338936462e-9,5,5
93,20,8.458896338936462e-9,5,5
93,20,8.458896338936462e-9,5,5
93,20,8.458896338936462e-9,5,5
93,20,8.458896338936462e-9,5,5
93,30,9.542793827698292e-9,5,5
93,30,9.542793827698292e-9,5,5
7,0,8.336398394027293e-9,5,5
93,30,9.542793827698292e-9,5,5
93,30,9.542793827698292e-9,5,5
93,30,9.542793827698292e-9,5,5
93,30,9.542793827698292e-9,5,5
93,30,9.542793827698292e-9,5,5
7,0,8.450938851173015e-11,5,5
93,70,0.0000012539687446815306,5,5
7,0,1.275969968225378e-29,5,5
7,0,2.4054898055171708e-21,5,5
7,0,8.392636196527078e-9,5,5
7,0,4.155483079535358e-15,5,5
93,80,0.0000012539693614090867,5,5
93,80,0.0000012539693614090867,5,5
93,70,0.0000012539687446815306,5,5
93,70,0.0000012539687446815306,5,5
93,80,0.0000012539693614090867,5,5
93,80,0.0000012539693614090867,5,5
93,80,0.0000012539693614090867,5,5
93,70,0.0000012539687446815306,5,5
93,80,0.0000012539693614090867,5,5
93,80,0.0000012539693614090867,5,5
93,80,0.0000012539693614090867,5,5
93,80,0.0000012539693614090867,5,5
93,70,0.0000012539687446815306,5,5
93,70,0.0000012539687446815306,5,5
93,70,0.0000012539687446815306,5,5
93,70,0.0000012539687446815306,5,5
93,70,0.0000012539687446815306,5,5
93,60,0.000001241426220083798,5,5
93,60,0.000001241426220083798,5,5
93,60,0.000001241426220083798,5,5
93,60,0.000001241426220083798,5,5
93,60,0.000001241426220083798,5,5
93,60,0.000001241426220083798,5,5
93,60,0.000001241426220083798,5,5
93,60,0.000001241426220083798,5,5
93,60,0.000001241426220083798,5,5
93,90,0.0000012539693614094431,5,5
93,90,0.0000012539693614094431,5,5
93,90,0.0000012539693614094431,5,5
93,90,0.0000012539693614094431,5,5
93,90,0.0000012539693614094431,5,5
93,90,0.0000012539693614094431,5,5
93,90,0.0000012539693614094431,5,5
93,90,0.0000012539693614094431,5,5
93,90,0.0000012539693614094431,5,5
93,40,2.120883033157478e-8,5,5
93,50,2.6213325823120854e-7,5,5
93,50,2.6213325823120854e-7,5,5
93,50,2.6213325823120854e-7,5,5
93,50,2.6213325823120854e-7,5,5
93,40,2.120883033157478e-8,5,5
93,50,2.6213325823120854e-7,5,5
93,50,2.6213325823120854e-7,5,5
93,40,2.120883033157478e-8,5,5
93,50,2.6213325823120854e-7,5,5
93,50,2.6213325823120854e-7,5,5
93,50,2.6213325823120854e-7,5,5
93,40,2.120883033157478e-8,5,5
93,40,2.120883033157478e-8,5,5
93,40,2.120883033157478e-8,5,5
93,40,2.120883033157478e-8,5,5
93,40,2.120883033157478e-8,5,5
93,40,2.120883033157478e-8,5,5
93,10,8.394238679305728e-9,5,5
94,20,5.475144750891427e-9,5,5
94,40,1.3727726574441647e-8,5,5
94,50,1.6966959699367801e-7,5,5
94,50,1.6966959699367801e-7,5,5
94,90,8.1165006542245e-7,5,5
6,0,8.258902809420815e-30,5,5
6,0,4.302702626459196e-9,5,5
6,0,5.391191639887002e-9,5,5
94,60,8.035313331863434e-7,5,5
94,50,1.6966959699367801e-7,5,5
94,80,8.116500654222179e-7,5,5
94,80,8.116500654222179e-7,5,5
94,80,8.116500654222179e-7,5,5
94,30,6.176713301717692e-9,5,5
94,30,6.176713301717692e-9,5,5
94,60,8.035313331863434e-7,5,5
94,10,5.433294132140695e-9,5,5
94,10,5.433294132140695e-9,5,5
94,10,5.433294132140695e-9,5,5
94,50,1.6966959699367801e-7,5,5
94,50,1.6966959699367801e-7,5,5
94,50,1.6966959699367801e-7,5,5
94,50,1.6966959699367801e-7,5,5
94,50,1.6966959699367801e-7,5,5
94,50,1.6966959699367801e-7,5,5
94,50,1.6966959699367801e-7,5,5
94,0,5.432256901653127e-9,5,5
94,0,5.432256901653127e-9,5,5
94,20,5.475144750891427e-9,5,5
94,0,5.432256901653127e-9,5,5
94,0,5.432256901653127e-9,5,5
94,0,5.432256901653127e-9,5,5
94,0,5.432256901653127e-9,5,5
94,20,5.475144750891427e-9,5,5
94,0,5.432256901653127e-9,5,5
94,20,5.475144750891427e-9,5,5
94,0,5.432256901653127e-9,5,5
94,20,5.475144750891427e-9,5,5
94,0,5.432256901653127e-9,5,5
94,20,5.475144750891427e-9,5,5
94,20,5.475144750891427e-9,5,5
94,20,5.475144750891427e-9,5,5
94,60,8.035313331863434e-7,5,5
94,10,5.433294132140695e-9,5,5
94,20,5.475144750891427e-9,5,5
94,20,5.475144750891427e-9,5,5
94,10,5.433294132140695e-9,5,5
94,10,5.433294132140695e-9,5,5
94,10,5.433294132140695e-9,5,5
94,10,5.433294132140695e-9,5,5
94,10,5.433294132140695e-9,5,5
94,60,8.035313331863434e-7,5,5
94,10,5.433294132140695e-9,5,5
94,40,1.3727726574441647e-8,5,5
94,40,1.3727726574441647e-8,5,5
94,40,1.3727726574441647e-8,5,5
94,40,1.3727726574441647e-8,5,5
94,40,1.3727726574441647e-8,5,5
94,40,1.3727726574441647e-8,5,5
94,40,1.3727726574441647e-8,5,5
94,40,1.3727726574441647e-8,5,5
94,40,1.3727726574441647e-8,5,5
94,30,6.176713301717692e-9,5,5
94,30,6.176713301717692e-9,5,5
94,60,8.035313331863434e-7,5,5
94,60,8.035313331863434e-7,5,5
94,60,8.035313331863434e-7,5,5
94,60,8.035313331863434e-7,5,5
94,60,8.035313331863434e-7,5,5
94,60,8.035313331863434e-7,5,5
94,80,8.116500654222179e-7,5,5
94,30,6.176713301717692e-9,5,5
94,30,6.176713301717692e-9,5,5
94,30,6.176713301717692e-9,5,5
94,30,6.176713301717692e-9,5,5
94,30,6.176713301717692e-9,5,5
94,30,6.176713301717692e-9,5,5
94,70,8.11649666236258e-7,5,5
94,0,5.432256901653127e-9,5,5
94,80,8.116500654222179e-7,5,5
94,80,8.116500654222179e-7,5,5
94,80,8.116500654222179e-7,5,5
6,0,5.396134409470782e-9,5,5
94,80,8.116500654222179e-7,5,5
94,80,8.116500654222179e-7,5,5
94,80,8.116500654222179e-7,5,5
94,70,8.11649666236258e-7,5,5
94,90,8.1165006542245e-7,5,5
6,0,5.4699941501968145e-11,5,5
6,0,5.340983798499694e-9,5,5
6,0,5.395856158953274e-9,5,5
6,0,5.432256901653127e-9,5,5
6,0,2.6896973858881016e-15,5,5
6,0,1.5569885661533003e-21,5,5
94,70,8.11649666236258e-7,5,5
94,90,8.1165006542245e-7,5,5
94,70,8.11649666236258e-7,5,5
94,90,8.1165006542245e-7,5,5
94,90,8.1165006542245e-7,5,5
94,70,8.11649666236258e-7,5,5
94,90,8.1165006542245e-7,5,5
94,70,8.11649666236258e-7,5,5
94,90,8.1165006542245e-7,5,5
94,90,8.1165006542245e-7,5,5
94,90,8.1165006542245e-7,5,5
94,70,8.11649666236258e-7,5,5
94,90,8.1165006542245e-7,5,5
94,70,8.11649666236258e-7,5,5
94,70,8.11649666236258e-7,5,5
94,70,8.11649666236258e-7,5,5
95,10,3.481787500064348e-9,5,5
95,30,3.958188649898946e-9,5,5
5,0,3.454807195356829e-9,5,5
95,0,3.481122817450314e-9,5,5
95,90,5.201251733266329e-7,5,5
95,0,3.481122817450314e-9,5,5
95,0,3.481122817450314e-9,5,5
95,30,3.958188649898946e-9,5,5
95,10,3.481787500064348e-9,5,5
95,30,3.958188649898946e-9,5,5
95,20,3.5086063980831277e-9,5,5
95,20,3.5086063980831277e-9,5,5
95,20,3.5086063980831277e-9,5,5
95,30,3.958188649898946e-9,5,5
95,30,3.958188649898946e-9,5,5
95,30,3.958188649898946e-9,5,5
95,30,3.958188649898946e-9,5,5
95,30,3.958188649898946e-9,5,5
95,40,8.797062266231499e-9,5,5
95,40,8.797062266231499e-9,5,5
95,40,8.797062266231499e-9,5,5
95,40,8.797062266231499e-9,5,5
95,40,8.797062266231499e-9,5,5
95,40,8.797062266231499e-9,5,5
95,40,8.797062266231499e-9,5,5
95,80,5.201251733264841e-7,5,5
95,40,8.797062266231499e-9,5,5
95,40,8.797062266231499e-9,5,5
95,80,5.201251733264841e-7,5,5
95,80,5.201251733264841e-7,5,5
95,80,5.201251733264841e-7,5,5
95,80,5.201251733264841e-7,5,5
95,80,5.201251733264841e-7,5,5
95,80,5.201251733264841e-7,5,5
95,80,5.201251733264841e-7,5,5
95,80,5.201251733264841e-7,5,5
95,90,5.201251733266329e-7,5,5
5,0,3.4577963330297953e-9,5,5
95,50,1.0872841918476942e-7,5,5
5,0,3.481122817450314e-9,5,5
5,0,3.4226327850826946e-9,5,5
95,60,5.149224915412254e-7,5,5
95,30,3.958188649898946e-9,5,5
5,0,2.7572768668419048e-9,5,5
5,0,5.292506510181801e-30,5,5
5,0,9.977562774131734e-22,5,5
5,0,1.7236237371620125e-15,5,5
5,0,3.505305767438052e-11,5,5
95,0,3.481122817450314e-9,5,5
95,60,5.149224915412254e-7,5,5
95,60,5.149224915412254e-7,5,5
95,10,3.481787500064348e-9,5,5
95,10,3.481787500064348e-9,5,5
95,10,3.481787500064348e-9,5,5
95,10,3.481787500064348e-9,5,5
95,50,1.0872841918476942e-7,5,5
95,60,5.149224915412254e-7,5,5
95,50,1.0872841918476942e-7,5,5
95,60,5.149224915412254e-7,5,5
95,50,1.0872841918476942e-7,5,5
95,50,1.0872841918476942e-7,5,5
95,50,1.0872841918476942e-7,5,5
95,60,5.149224915412254e-7,5,5
95,50,1.0872841918476942e-7,5,5
95,70,5.201249175183783e-7,5,5
95,70,5.201249175183783e-7,5,5
95,60,5.149224915412254e-7,5,5
95,60,5.149224915412254e-7,5,5
95,60,5.149224915412254e-7,5,5
95,70,5.201249175183783e-7,5,5
95,70,5.201249175183783e-7,5,5
95,70,5.201249175183783e-7,5,5
95,70,5.201249175183783e-7,5,5
95,70,5.201249175183783e-7,5,5
95,70,5.201249175183783e-7,5,5
95,50,1.0872841918476942e-7,5,5
95,50,1.0872841918476942e-7,5,5
95,70,5.201249175183783e-7,5,5
95,90,5.201251733266329e-7,5,5
95,0,3.481122817450314e-9,5,5
95,20,3.5086063980831277e-9,5,5
95,40,8.797062266231499e-9,5,5
95,20,3.5086063980831277e-9,5,5
95,20,3.5086063980831277e-9,5,5
95,20,3.5086063980831277e-9,5,5
95,10,3.481787500064348e-9,5,5
95,20,3.5086063980831277e-9,5,5
95,20,3.5086063980831277e-9,5,5
95,10,3.481787500064348e-9,5,5
95,10,3.481787500064348e-9,5,5
95,0,3.481122817450314e-9,5,5
95,10,3.481787500064348e-9,5,5
95,0,3.481122817450314e-9,5,5
95,0,3.481122817450314e-9,5,5
5,0,3.4579746427531877e-9,5,5
95,70,5.201249175183783e-7,5,5
95,0,3.481122817450314e-9,5,5
95,50,1.0872841918476942e-7,5,5
95,20,3.5086063980831277e-9,5,5
95,0,3.481122817450314e-9,5,5
95,60,5.149224915412254e-7,5,5
95,80,5.201251733264841e-7,5,5
95,90,5.201251733266329e-7,5,5
95,90,5.201251733266329e-7,5,5
95,90,5.201251733266329e-7,5,5
95,90,5.201251733266329e-7,5,5
95,90,5.201251733266329e-7,5,5
95,90,5.201251733266329e-7,5,5
95,90,5.201251733266329e-7,5,5
95,30,3.958188649898946e-9,5,5
96,0,2.208591796954353e-9,5,5
96,40,5.581279540354107e-9,5,5
96,30,2.5112653133472183e-9,5,5
4,0,1.7493491006730248e-9,5,5
96,30,2.5112653133472183e-9,5,5
96,30,2.5112653133472183e-9,5,5
96,30,2.5112653133472183e-9,5,5
96,30,2.5112653133472183e-9,5,5
96,30,2.5112653133472183e-9,5,5
96,40,5.581279540354107e-9,5,5
96,40,5.581279540354107e-9,5,5
96,40,5.581279540354107e-9,5,5
96,40,5.581279540354107e-9,5,5
96,40,5.581279540354107e-9,5,5
96,40,5.581279540354107e-9,5,5
96,40,5.581279540354107e-9,5,5
4,0,2.1714829063851504e-9,5,5
96,40,5.581279540354107e-9,5,5
96,40,5.581279540354107e-9,5,5
96,90,3.2999243388948787e-7,5,5
96,90,3.2999243388948787e-7,5,5
96,90,3.2999243388948787e-7,5,5
4,0,2.1918959002177964e-9,5,5
96,90,3.2999243388948787e-7,5,5
4,0,2.1937923529690143e-9,5,5
96,70,3.2999227159242446e-7,5,5
96,30,2.5112653133472183e-9,5,5
96,60,3.2669160225671346e-7,5,5
96,20,2.2260287027803373e-9,5,5
96,80,3.2999243388939464e-7,5,5
4,0,2.208591796954353e-9,5,5
96,60,3.2669160225671346e-7,5,5
96,60,3.2669160225671346e-7,5,5
4,0,3.357820759761767e-30,5,5
96,80,3.2999243388939464e-7,5,5
4,0,6.330245858054674e-22,5,5
96,90,3.2999243388948787e-7,5,5
4,0,1.093549824743059e-15,5,5
96,80,3.2999243388939464e-7,5,5
4,0,2.223934623901262e-11,5,5
96,80,3.2999243388939464e-7,5,5
96,50,6.898254020327192e-8,5,5
96,20,2.2260287027803373e-9,5,5
96,70,3.2999227159242446e-7,5,5
96,50,6.898254020327192e-8,5,5
96,50,6.898254020327192e-8,5,5
96,50,6.898254020327192e-8,5,5
96,50,6.898254020327192e-8,5,5
96,80,3.2999243388939464e-7,5,5
96,50,6.898254020327192e-8,5,5
96,70,3.2999227159242446e-7,5,5
96,50,6.898254020327192e-8,5,5
96,50,6.898254020327192e-8,5,5
96,70,3.2999227159242446e-7,5,5
96,70,3.2999227159242446e-7,5,5
96,50,6.898254020327192e-8,5,5
96,70,3.2999227159242446e-7,5,5
96,70,3.2999227159242446e-7,5,5
96,70,3.2999227159242446e-7,5,5
96,20,2.2260287027803373e-9,5,5
96,70,3.2999227159242446e-7,5,5
96,70,3.2999227159242446e-7,5,5
96,80,3.2999243388939464e-7,5,5
96,20,2.2260287027803373e-9,5,5
96,10,2.2090135035834513e-9,5,5
96,20,2.2260287027803373e-9,5,5
96,20,2.2260287027803373e-9,5,5
96,20,2.2260287027803373e-9,5,5
96,20,2.2260287027803373e-9,5,5
96,20,2.2260287027803373e-9,5,5
96,50,6.898254020327192e-8,5,5
96,80,3.2999243388939464e-7,5,5
96,0,2.208591796954353e-9,5,5
96,0,2.208591796954353e-9,5,5
96,0,2.208591796954353e-9,5,5
96,10,2.2090135035834513e-9,5,5
96,0,2.208591796954353e-9,5,5
96,10,2.2090135035834513e-9,5,5
96,10,2.2090135035834513e-9,5,5
96,10,2.2090135035834513e-9,5,5
96,10,2.2090135035834513e-9,5,5
96,10,2.2090135035834513e-9,5,5
96,10,2.2090135035834513e-9,5,5
96,10,2.2090135035834513e-9,5,5
4,0,2.1939054812362583e-9,5,5
96,0,2.208591796954353e-9,5,5
96,0,2.208591796954353e-9,5,5
96,0,2.208591796954353e-9,5,5
96,0,2.208591796954353e-9,5,5
96,0,2.208591796954353e-9,5,5
96,60,3.2669160225671346e-7,5,5
96,80,3.2999243388939464e-7,5,5
96,60,3.2669160225671346e-7,5,5
96,80,3.2999243388939464e-7,5,5
96,80,3.2999243388939464e-7,5,5
96,60,3.2669160225671346e-7,5,5
96,60,3.2669160225671346e-7,5,5
96,60,3.2669160225671346e-7,5,5
96,90,3.2999243388948787e-7,5,5
96,60,3.2669160225671346e-7,5,5
96,60,3.2669160225671346e-7,5,5
96,10,2.2090135035834513e-9,5,5
96,90,3.2999243388948787e-7,5,5
96,20,2.2260287027803373e-9,5,5
96,90,3.2999243388948787e-7,5,5
96,30,2.5112653133472183e-9,5,5
96,90,3.2999243388948787e-7,5,5
96,90,3.2999243388948787e-7,5,5
96,30,2.5112653133472183e-9,5,5
96,30,2.5112653133472183e-9,5,5
97,60,2.052063942722493e-7,5,5
97,0,1.3872935696588052e-9,5,5
97,40,3.5057964208139596e-9,5,5
97,30,1.5774133661630429e-9,5,5
97,0,1.3872935696588052e-9,5,5
97,30,1.5774133661630429e-9,5,5
97,70,2.0727965984867513e-7,5,5
97,90,2.0727976179312348e-7,5,5
97,80,2.0727976179306458e-7,5,5
97,10,1.3875584583066927e-9,5,5
97,30,1.5774133661630429e-9,5,5
97,0,1.3872935696588052e-9,5,5
97,10,1.3875584583066927e-9,5,5
97,10,1.3875584583066927e-9,5,5
97,10,1.3875584583066927e-9,5,5
97,40,3.5057964208139596e-9,5,5
97,40,3.5057964208139596e-9,5,5
97,30,1.5774133661630429e-9,5,5
97,30,1.5774133661630429e-9,5,5
97,40,3.5057964208139596e-9,5,5
97,40,3.5057964208139596e-9,5,5
97,30,1.5774133661630429e-9,5,5
97,30,1.5774133661630429e-9,5,5
97,30,1.5774133661630429e-9,5,5
97,10,1.3875584583066927e-9,5,5
97,60,2.052063942722493e-7,5,5
97,50,4.3330340434433406e-8,5,5
97,60,2.052063942722493e-7,5,5
97,50,4.3330340434433406e-8,5,5
97,30,1.5774133661630429e-9,5,5
97,30,1.5774133661630429e-9,5,5
97,50,4.3330340434433406e-8,5,5
97,50,4.3330340434433406e-8,5,5
97,50,4.3330340434433406e-8,5,5
97,50,4.3330340434433406e-8,5,5
97,50,4.3330340434433406e-8,5,5
97,50,4.3330340434433406e-8,5,5
97,50,4.3330340434433406e-8,5,5
97,60,2.052063942722493e-7,5,5
97,60,2.052063942722493e-7,5,5
97,60,2.052063942722493e-7,5,5
97,20,1.3982462986151037e-9,5,5
97,60,2.052063942722493e-7,5,5
97,60,2.052063942722493e-7,5,5
97,60,2.052063942722493e-7,5,5
97,60,2.052063942722493e-7,5,5
3,0,1.3780685823226264e-9,5,5
97,50,4.3330340434433406e-8,5,5
97,90,2.0727976179312348e-7,5,5
97,20,1.3982462986151037e-9,5,5
97,90,2.0727976179312348e-7,5,5
97,0,1.3872935696588052e-9,5,5
97,10,1.3875584583066927e-9,5,5
97,20,1.3982462986151037e-9,5,5
97,20,1.3982462986151037e-9,5,5
97,20,1.3982462986151037e-9,5,5
97,80,2.0727976179306458e-7,5,5
97,80,2.0727976179306458e-7,5,5
97,20,1.3982462986151037e-9,5,5
97,20,1.3982462986151037e-9,5,5
97,20,1.3982462986151037e-9,5,5
97,20,1.3982462986151037e-9,5,5
97,10,1.3875584583066927e-9,5,5
97,40,3.5057964208139596e-9,5,5
97,10,1.3875584583066927e-9,5,5
97,40,3.5057964208139596e-9,5,5
97,10,1.3875584583066927e-9,5,5
97,40,3.5057964208139596e-9,5,5
97,40,3.5057964208139596e-9,5,5
97,70,2.0727965984867513e-7,5,5
97,70,2.0727965984867513e-7,5,5
97,70,2.0727965984867513e-7,5,5
97,70,2.0727965984867513e-7,5,5
97,70,2.0727965984867513e-7,5,5
97,70,2.0727965984867513e-7,5,5
3,0,1.377997522510714e-9,5,5
3,0,1.3969309346047342e-11,5,5
3,0,1.0988272082685178e-9,5,5
3,0,6.868968009659361e-16,5,5
3,0,1.3639841806921253e-9,5,5
3,0,1.3768062943668055e-9,5,5
97,80,2.0727976179306458e-7,5,5
97,70,2.0727965984867513e-7,5,5
97,80,2.0727976179306458e-7,5,5
97,0,1.3872935696588052e-9,5,5
97,70,2.0727965984867513e-7,5,5
97,80,2.0727976179306458e-7,5,5
97,80,2.0727976179306458e-7,5,5
97,80,2.0727976179306458e-7,5,5
97,20,1.3982462986151037e-9,5,5
3,0,3.976248297828904e-22,5,5
97,90,2.0727976179312348e-7,5,5
97,90,2.0727976179312348e-7,5,5
97,90,2.0727976179312348e-7,5,5
97,90,2.0727976179312348e-7,5,5
97,80,2.0727976179306458e-7,5,5
97,90,2.0727976179312348e-7,5,5
3,0,1.3872935696588052e-9,5,5
3,0,2.1091643799945872e-30,5,5
97,0,1.3872935696588052e-9,5,5
97,90,2.0727976179312348e-7,5,5
97,0,1.3872935696588052e-9,5,5
97,0,1.3872935696588052e-9,5,5
97,90,2.0727976179312348e-7,5,5
97,0,1.3872935696588052e-9,5,5
97,80,2.0727976179306458e-7,5,5
97,70,2.0727965984867513e-7,5,5
97,40,3.5057964208139596e-9,5,5
97,0,1.3872935696588052e-9,5,5
97,10,1.3875584583066927e-9,5,5
98,20,8.69548512291117e-10,5,5
2,0,8.569561005288065e-10,5,5
98,70,1.2890412799815248e-7,5,5
98,70,1.2890412799815248e-7,5,5
98,70,1.2890412799815248e-7,5,5
98,40,2.1802024901719077e-9,5,5
98,80,1.2890419139584757e-7,5,5
98,40,2.1802024901719077e-9,5,5
98,80,1.2890419139584757e-7,5,5
98,80,1.2890419139584757e-7,5,5
98,80,1.2890419139584757e-7,5,5
98,80,1.2890419139584757e-7,5,5
98,80,1.2890419139584757e-7,5,5
98,60,1.2761479506778746e-7,5,5
98,60,1.2761479506778746e-7,5,5
98,60,1.2761479506778746e-7,5,5
98,60,1.2761479506778746e-7,5,5
98,60,1.2761479506778746e-7,5,5
98,20,8.69548512291117e-10,5,5
98,90,1.289041913958842e-7,5,5
98,50,2.694649225901596e-8,5,5
98,10,8.62901903858131e-10,5,5
98,30,9.809698385568685e-10,5,5
98,0,8.627371735599435e-10,5,5
98,10,8.62901903858131e-10,5,5
98,30,9.809698385568685e-10,5,5
98,30,9.809698385568685e-10,5,5
98,20,8.69548512291117e-10,5,5
98,10,8.62901903858131e-10,5,5
98,40,2.1802024901719077e-9,5,5
98,10,8.62901903858131e-10,5,5
98,60,1.2761479506778746e-7,5,5
98,10,8.62901903858131e-10,5,5
98,10,8.62901903858131e-10,5,5
98,10,8.62901903858131e-10,5,5
98,30,9.809698385568685e-10,5,5
98,10,8.62901903858131e-10,5,5
98,0,8.627371735599435e-10,5,5
98,20,8.69548512291117e-10,5,5
98,20,8.69548512291117e-10,5,5
98,0,8.627371735599435e-10,5,5
98,0,8.627371735599435e-10,5,5
98,20,8.69548512291117e-10,5,5
98,20,8.69548512291117e-10,5,5
98,80,1.2890419139584757e-7,5,5
98,0,8.627371735599435e-10,5,5
98,20,8.69548512291117e-10,5,5
98,20,8.69548512291117e-10,5,5
98,40,2.1802024901719077e-9,5,5
98,30,9.809698385568685e-10,5,5
2,0,8.570002915656743e-10,5,5
98,40,2.1802024901719077e-9,5,5
98,40,2.1802024901719077e-9,5,5
98,40,2.1802024901719077e-9,5,5
98,40,2.1802024901719077e-9,5,5
98,40,2.1802024901719077e-9,5,5
98,30,9.809698385568685e-10,5,5
98,0,8.627371735599435e-10,5,5
98,0,8.627371735599435e-10,5,5
98,30,9.809698385568685e-10,5,5
98,0,8.627371735599435e-10,5,5
98,0,8.627371735599435e-10,5,5
98,0,8.627371735599435e-10,5,5
98,30,9.809698385568685e-10,5,5
98,30,9.809698385568685e-10,5,5
98,70,1.2890412799815248e-7,5,5
98,60,1.2761479506778746e-7,5,5
98,60,1.2761479506778746e-7,5,5
98,60,1.2761479506778746e-7,5,5
98,60,1.2761479506778746e-7,5,5
98,50,2.694649225901596e-8,5,5
98,70,1.2890412799815248e-7,5,5
2,0,8.627371735599435e-10,5,5
98,90,1.289041913958842e-7,5,5
98,80,1.2890419139584757e-7,5,5
98,80,1.2890419139584757e-7,5,5
98,70,1.2890412799815248e-7,5,5
98,70,1.2890412799815248e-7,5,5
98,80,1.2890419139584757e-7,5,5
98,20,8.69548512291117e-10,5,5
2,0,1.3116578607203944e-30,5,5
98,70,1.2890412799815248e-7,5,5
2,0,6.833442471195874e-10,5,5
98,70,1.2890412799815248e-7,5,5
2,0,8.482414123206922e-10,5,5
98,70,1.2890412799815248e-7,5,5
2,0,8.562152935183672e-10,5,5
2,0,2.472769493687711e-22,5,5
2,0,4.2717087252012787e-16,5,5
2,0,8.687305070373424e-12,5,5
98,90,1.289041913958842e-7,5,5
98,50,2.694649225901596e-8,5,5
98,50,2.694649225901596e-8,5,5
98,90,1.289041913958842e-7,5,5
98,90,1.289041913958842e-7,5,5
98,90,1.289041913958842e-7,5,5
98,10,8.62901903858131e-10,5,5
98,50,2.694649225901596e-8,5,5
98,50,2.694649225901596e-8,5,5
98,10,8.62901903858131e-10,5,5
98,50,2.694649225901596e-8,5,5
98,90,1.289041913958842e-7,5,5
98,50,2.694649225901596e-8,5,5
98,50,2.694649225901596e-8,5,5
98,50,2.694649225901596e-8,5,5
98,90,1.289041913958842e-7,5,5
98,90,1.289041913958842e-7,5,5
98,30,9.809698385568685e-10,5,5
98,90,1.289041913958842e-7,5,5
98,40,2.1802024901719077e-9,5,5
99,90,7.936595185654634e-8,5,5
99,50,1.6590880282269247e-8,5,5
99,0,5.311848764585445e-10,5,5
99,20,5.353785987569569e-10,5,5
99,10,5.312863004446285e-10,5,5
99,20,5.353785987569569e-10,5,5
99,60,7.857207412618276e-8,5,5
99,20,5.353785987569569e-10,5,5
99,80,7.936595185652378e-8,5,5
99,20,5.353785987569569e-10,5,5
99,90,7.936595185654634e-8,5,5
99,90,7.936595185654634e-8,5,5
99,40,1.3423446049251413e-9,5,5
99,90,7.936595185654634e-8,5,5
99,10,5.312863004446285e-10,5,5
99,70,7.936591282273936e-8,5,5
99,20,5.353785987569569e-10,5,5
99,10,5.312863004446285e-10,5,5
99,70,7.936591282273936e-8,5,5
99,20,5.353785987569569e-10,5,5
99,40,1.3423446049251413e-9,5,5
99,60,7.857207412618276e-8,5,5
99,10,5.312863004446285e-10,5,5
99,60,7.857207412618276e-8,5,5
99,20,5.353785987569569e-10,5,5
99,60,7.857207412618276e-8,5,5
99,90,7.936595185654634e-8,5,5
99,90,7.936595185654634e-8,5,5
99,60,7.857207412618276e-8,5,5
99,60,7.857207412618276e-8,5,5
99,90,7.936595185654634e-8,5,5
99,60,7.857207412618276e-8,5,5
99,60,7.857207412618276e-8,5,5
99,90,7.936595185654634e-8,5,5
99,60,7.857207412618276e-8,5,5
99,60,7.857207412618276e-8,5,5
99,90,7.936595185654634e-8,5,5
99,40,1.3423446049251413e-9,5,5
99,90,7.936595185654634e-8,5,5
99,40,1.3423446049251413e-9,5,5
99,40,1.3423446049251413e-9,5,5
99,40,1.3423446049251413e-9,5,5
99,40,1.3423446049251413e-9,5,5
99,40,1.3423446049251413e-9,5,5
99,30,6.039803992138707e-10,5,5
99,40,1.3423446049251413e-9,5,5
99,10,5.312863004446285e-10,5,5
99,0,5.311848764585445e-10,5,5
99,80,7.936595185652378e-8,5,5
99,20,5.353785987569569e-10,5,5
99,30,6.039803992138707e-10,5,5
99,0,5.311848764585445e-10,5,5
99,70,7.936591282273936e-8,5,5
99,80,7.936595185652378e-8,5,5
1,0,5.34874955199015e-12,5,5
99,80,7.936595185652378e-8,5,5
99,0,5.311848764585445e-10,5,5
99,50,1.6590880282269247e-8,5,5
1,0,5.276526941824421e-10,5,5
99,30,6.039803992138707e-10,5,5
99,0,5.311848764585445e-10,5,5
99,70,7.936591282273936e-8,5,5
99,70,7.936591282273936e-8,5,5
99,70,7.936591282273936e-8,5,5
99,0,5.311848764585445e-10,5,5
99,30,6.039803992138707e-10,5,5
99,0,5.311848764585445e-10,5,5
99,0,5.311848764585445e-10,5,5
99,0,5.311848764585445e-10,5,5
99,30,6.039803992138707e-10,5,5
99,30,6.039803992138707e-10,5,5
99,30,6.039803992138707e-10,5,5
99,10,5.312863004446285e-10,5,5
99,10,5.312863004446285e-10,5,5
99,10,5.312863004446285e-10,5,5
99,30,6.039803992138707e-10,5,5
99,10,5.312863004446285e-10,5,5
99,50,1.6590880282269247e-8,5,5
99,70,7.936591282273936e-8,5,5
99,70,7.936591282273936e-8,5,5
99,10,5.312863004446285e-10,5,5
99,40,1.3423446049251413e-9,5,5
99,20,5.353785987569569e-10,5,5
99,70,7.936591282273936e-8,5,5
99,80,7.936595185652378e-8,5,5
99,50,1.6590880282269247e-8,5,5
1,0,5.311848764585445e-10,5,5
99,80,7.936595185652378e-8,5,5
99,80,7.936595185652378e-8,5,5
99,80,7.936595185652378e-8,5,5
99,80,7.936595185652378e-8,5,5
1,0,4.2073315096310296e-10,5,5
99,30,6.039803992138707e-10,5,5
1,0,5.222598766103616e-10,5,5
1,0,5.271693730696421e-10,5,5
1,0,5.276254858840401e-10,5,5
1,0,1.5224772946725319e-22,5,5
1,0,2.6300791724321082e-16,5,5
99,50,1.6590880282269247e-8,5,5
99,50,1.6590880282269247e-8,5,5
99,50,1.6590880282269247e-8,5,5
99,50,1.6590880282269247e-8,5,5
1,0,8.075840940383794e-31,5,5
99,80,7.936595185652378e-8,5,5
99,20,5.353785987569569e-10,5,5
99,50,1.6590880282269247e-8,5,5
99,50,1.6590880282269247e-8,5,5
99,70,7.936591282273936e-8,5,5
99,0,5.311848764585445e-10,5,5
99,30,6.039803992138707e-10,5,5
100,30,3.6816881079707047e-10,5,5
100,80,4.837916619616495e-8,5,5
100,60,4.789524151867814e-8,5,5
100,60,4.789524151867814e-8,5,5
100,30,3.6816881079707047e-10,5,5
100,50,1.011331604725916e-8,5,5
100,10,3.2385661137690417e-10,5,5
100,50,1.011331604725916e-8,5,5
100,70,4.837914240231004e-8,5,5
100,70,4.837914240231004e-8,5,5
100,20,3.2635115690361085e-10,5,5
100,50,1.011331604725916e-8,5,5
100,30,3.6816881079707047e-10,5,5
100,70,4.837914240231004e-8,5,5
100,0,3.237947862772913e-10,5,5
100,40,8.182540650630515e-10,5,5
100,60,4.789524151867814e-8,5,5
100,10,3.2385661137690417e-10,5,5
100,90,4.83791661961787e-8,5,5
100,90,4.83791661961787e-8,5,5
100,40,8.182540650630515e-10,5,5
100,40,8.182540650630515e-10,5,5
100,10,3.2385661137690417e-10,5,5
100,20,3.2635115690361085e-10,5,5
100,70,4.837914240231004e-8,5,5
100,70,4.837914240231004e-8,5,5
100,20,3.2635115690361085e-10,5,5
100,20,3.2635115690361085e-10,5,5
100,20,3.2635115690361085e-10,5,5
100,90,4.83791661961787e-8,5,5
100,90,4.83791661961787e-8,5,5
100,0,3.237947862772913e-10,5,5
100,0,3.237947862772913e-10,5,5
100,30,3.6816881079707047e-10,5,5
100,30,3.6816881079707047e-10,5,5
100,0,3.237947862772913e-10,5,5
100,60,4.789524151867814e-8,5,5
100,80,4.837916619616495e-8,5,5
100,30,3.6816881079707047e-10,5,5
100,30,3.6816881079707047e-10,5,5
100,80,4.837916619616495e-8,5,5
100,90,4.83791661961787e-8,5,5
100,40,8.182540650630515e-10,5,5
100,70,4.837914240231004e-8,5,5
100,60,4.789524151867814e-8,5,5
100,80,4.837916619616495e-8,5,5
100,70,4.837914240231004e-8,5,5
100,40,8.182540650630515e-10,5,5
100,10,3.2385661137690417e-10,5,5
100,80,4.837916619616495e-8,5,5
100,60,4.789524151867814e-8,5,5
100,0,3.237947862772913e-10,5,5
100,50,1.011331604725916e-8,5,5
100,30,3.6816881079707047e-10,5,5
100,80,4.837916619616495e-8,5,5
100,50,1.011331604725916e-8,5,5
100,70,4.837914240231004e-8,5,5
100,80,4.837916619616495e-8,5,5
100,40,8.182540650630515e-10,5,5
100,70,4.837914240231004e-8,5,5
100,90,4.83791661961787e-8,5,5
100,40,8.182540650630515e-10,5,5
100,20,3.2635115690361085e-10,5,5
100,20,3.2635115690361085e-10,5,5
100,20,3.2635115690361085e-10,5,5
100,30,3.6816881079707047e-10,5,5
100,90,4.83791661961787e-8,5,5
100,10,3.2385661137690417e-10,5,5
100,10,3.2385661137690417e-10,5,5
100,20,3.2635115690361085e-10,5,5
100,60,4.789524151867814e-8,5,5
100,50,1.011331604725916e-8,5,5
100,30,3.6816881079707047e-10,5,5
100,40,8.182540650630515e-10,5,5
100,60,4.789524151867814e-8,5,5
100,40,8.182540650630515e-10,5,5
100,40,8.182540650630515e-10,5,5
100,0,3.237947862772913e-10,5,5
100,10,3.2385661137690417e-10,5,5
100,10,3.2385661137690417e-10,5,5
100,50,1.011331604725916e-8,5,5
100,80,4.837916619616495e-8,5,5
100,0,3.237947862772913e-10,5,5
100,90,4.83791661961787e-8,5,5
100,90,4.83791661961787e-8,5,5
100,90,4.83791661961787e-8,5,5
100,10,3.2385661137690417e-10,5,5
100,20,3.2635115690361085e-10,5,5
100,60,4.789524151867814e-8,5,5
100,0,3.237947862772913e-10,5,5
100,80,4.837916619616495e-8,5,5
100,80,4.837916619616495e-8,5,5
100,70,4.837914240231004e-8,5,5
100,60,4.789524151867814e-8,5,5
100,50,1.011331604725916e-8,5,5
100,50,1.011331604725916e-8,5,5
100,50,1.011331604725916e-8,5,5
100,0,3.237947862772913e-10,5,5
100,10,3.2385661137690417e-10,5,5
100,0,3.237947862772913e-10,5,5
